MD,imp,por
544.5,3870.52,0.4262
545.0,3944.06,0.4161
545.5,4016.92,0.3823
546.0,4060.5,0.4383
546.5,4063.55,0.4748
547.0,4066.59,0.5138
547.5,4069.64,0.5783
548.0,4072.69,0.4457
548.5,4075.74,0.4377
549.0,4078.79,0.4672
549.5,4081.84,0.3612
550.0,4032.38,0.3649
550.5,3956.75,0.3767
551.0,3881.13,0.3473
551.5,3805.51,0.3279
552.0,3729.88,0.3036
552.5,3654.26,0.3206
553.0,3578.63,0.3092
553.5,3503.01,0.3346
554.0,3548.08,0.3572
554.5,3614.06,0.3559
555.0,3680.04,0.3343
555.5,3748.51,0.352
556.0,3816.98,0.3902
556.5,3885.45,0.3342
557.0,3953.91,0.3321
557.5,4042.8,0.3838
558.0,4205.35,0.3713
558.5,4367.9,0.3321
559.0,4530.44,0.3649
559.5,4692.99,0.4526
560.0,4855.54,0.4046
560.5,5016.97,0.4888
561.0,5178.4,0.4139
561.5,5169.49,0.3466
562.0,5076.46,0.3483
562.5,4983.42,0.3289
563.0,4890.39,0.3513
563.5,4797.36,0.4247
564.0,4704.33,0.4079
564.5,4611.3,0.4148
565.0,4522.69,0.3815
565.5,4481.47,0.4256
566.0,4440.25,0.3587
566.5,4399.03,0.3605
567.0,4357.8,0.344
567.5,4316.58,0.3511
568.0,4275.36,0.3547
568.5,4234.14,0.3639
569.0,4273.84,0.4173
569.5,4407.08,0.3875
570.0,4540.32,0.4077
570.5,4675.92,0.405
571.0,4811.53,0.3652
571.5,4947.13,0.3565
572.0,5082.73,0.3516
572.5,5218.33,0.3762
573.0,5181.96,0.3449
573.5,5132.93,0.3736
574.0,5083.9,0.3503
574.5,5034.88,0.3486
575.0,4985.85,0.3403
575.5,4936.96,0.3754
576.0,4888.08,0.3605
576.5,4793.39,0.3609
577.0,4639.17,0.3504
577.5,4484.96,0.3343
578.0,4330.74,0.3506
578.5,4176.52,0.365
579.0,4022.31,0.3969
579.5,3868.09,0.3669
580.0,3713.87,0.366
580.5,3764.05,0.3571
581.0,3831.09,0.3548
581.5,3898.14,0.3547
582.0,3965.18,0.345
582.5,4032.22,0.3514
583.0,4099.27,0.3426
583.5,4166.31,0.3316
584.0,4244.1,0.3365
584.5,4343.4,0.3379
585.0,4442.69,0.3455
585.5,4541.85,0.345
586.0,4641.01,0.3436
586.5,4740.17,0.3372
587.0,4839.33,0.3473
587.5,4938.48,0.3573
588.0,4898.61,0.3504
588.5,4808.94,0.3539
589.0,4719.28,0.4239
589.5,4629.62,0.45
590.0,4539.96,0.3818
590.5,4446.7,0.3158
591.0,4353.44,0.3243
591.5,4282.56,0.3505
592.0,4280.03,0.3832
592.5,4277.5,0.3639
593.0,4274.97,0.4197
593.5,4272.43,0.3848
594.0,4269.9,0.4345
594.5,4267.37,0.41
595.0,4264.84,0.4758
595.5,4283.67,0.4529
596.0,4303.87,0.4453
596.5,4324.06,0.4963
597.0,4344.25,0.5587
597.5,4364.44,0.5536
598.0,4384.63,0.548
598.5,4404.82,0.552
599.0,4400.88,0.6393
599.5,4387.68,0.5282
600.0,4374.48,0.4506
600.5,4362.01,0.4529
601.0,4349.53,0.459
601.5,4337.05,0.4573
602.0,4324.57,0.4392
602.5,4314.83,0.437
603.0,4313.45,0.3874
603.5,4312.06,0.3757
604.0,4310.67,0.3663
604.5,4309.29,0.3551
605.0,4307.9,0.3628
605.5,4306.53,0.4389
606.0,4305.17,0.6524
606.5,4371.24,0.6282
607.0,4486.63,0.59
607.5,4602.02,0.508
608.0,4717.4,0.3988
608.5,4832.79,0.337
609.0,4948.18,0.3716
609.5,5063.57,0.3605
610.0,5178.96,0.3361
610.5,5192.2,0.3943
611.0,5184.16,0.5566
611.5,5176.11,0.3672
612.0,5168.07,0.3278
612.5,5160.03,0.339
613.0,5151.98,0.5422
613.5,5143.94,0.7046
614.0,5135.9,0.5715
614.5,4983.69,0.4693
615.0,4818.15,0.4573
615.5,4633.44,0.5304
616.0,4448.73,0.6684
616.5,4264.02,0.6615
617.0,4079.31,0.4945
617.5,3894.6,0.5098
618.0,3821.4,0.4934
618.5,3814.17,0.473
619.0,3806.94,0.561
619.5,3799.71,0.6027
620.0,3792.48,0.5328
620.5,3785.67,0.524
621.0,3778.87,0.4947
621.5,3773.72,0.4089
622.0,3771.2,0.4027
622.5,3768.68,0.4049
623.0,3766.17,0.4491
623.5,3763.65,0.3843
624.0,3761.14,0.3965
624.5,3758.62,0.4802
625.0,3756.1,0.5129
625.5,3723.02,0.5364
626.0,3684.26,0.5887
626.5,3645.5,0.5347
627.0,3606.73,0.4454
627.5,3567.97,0.4181
628.0,3529.21,0.3854
628.5,3490.44,0.3859
629.0,3451.68,0.414
629.5,3482.99,0.3821
630.0,3527.97,0.4364
630.5,3571.81,0.3754
631.0,3615.65,0.428
631.5,3659.49,0.3754
632.0,3703.33,0.3241
632.5,3747.17,0.4015
633.0,3791.02,0.4274
633.5,3877.04,0.4233
634.0,3983.83,0.357
634.5,4090.61,0.3678
635.0,4197.4,0.3765
635.5,4303.08,0.3753
636.0,4408.75,0.3809
636.5,4514.43,0.4216
637.0,4620.1,0.4091
637.5,4657.5,0.4285
638.0,4595.79,0.4396
638.5,4534.09,0.3917
639.0,4472.38,0.3653
639.5,4410.68,0.3672
640.0,4348.97,0.423
640.5,4289.01,0.3764
641.0,4229.05,0.3482
641.5,4168.23,0.3814
642.0,4070.12,0.368
642.5,3972.02,0.3733
643.0,3873.91,0.3821
643.5,3775.8,0.3346
644.0,3677.69,0.3513
644.5,3579.59,0.3207
645.0,3481.48,0.3305
645.5,3386.78,0.3226
646.0,3346.85,0.3404
646.5,3381.05,0.336
647.0,3415.25,0.3356
647.5,3449.44,0.3278
648.0,3483.64,0.3446
648.5,3517.84,0.3548
649.0,3552.03,0.3778
649.5,3586.23,0.3763
650.0,3620.42,0.3932
650.5,3667.49,0.3467
651.0,3722.4,0.3266
651.5,3777.3,0.3603
652.0,3832.21,0.3523
652.5,3887.11,0.3601
653.0,3942.02,0.3764
653.5,3996.92,0.3722
654.0,4051.83,0.3438
654.5,4094.5,0.3516
655.0,4036.32,0.3551
655.5,3979.28,0.3543
656.0,3922.24,0.3514
656.5,3865.2,0.3499
657.0,3808.17,0.3577
657.5,3751.13,0.3427
658.0,3694.09,0.3617
658.5,3637.05,0.3677
659.0,3594.51,0.3622
659.5,3567.97,0.3619
660.0,3541.43,0.3374
660.5,3514.77,0.3432
661.0,3488.11,0.3571
661.5,3461.45,0.3656
662.0,3434.79,0.3512
662.5,3408.13,0.366
663.0,3381.47,0.3564
663.5,3381.3,0.3334
664.0,3385.86,0.3388
664.5,3390.41,0.3321
665.0,3394.97,0.3568
665.5,3399.41,0.3621
666.0,3403.86,0.3414
666.5,3408.31,0.3236
667.0,3412.75,0.2969
667.5,3421.67,0.3195
668.0,3465.13,0.3314
668.5,3508.58,0.3426
669.0,3552.04,0.3489
669.5,3595.49,0.3394
670.0,3638.94,0.3347
670.5,3684.88,0.3629
671.0,3730.83,0.3542
671.5,3776.77,0.3533
672.0,3841.0,0.3307
672.5,3924.54,0.3393
673.0,4008.08,0.3239
673.5,4091.62,0.3326
674.0,4175.15,0.3261
674.5,4258.69,0.3376
675.0,4342.23,0.3376
675.5,4425.74,0.3343
676.0,4507.24,0.344
676.5,4575.85,0.3491
677.0,4644.47,0.3347
677.5,4713.08,0.3137
678.0,4781.69,0.3631
678.5,4850.31,0.3415
679.0,4918.92,0.3283
679.5,4987.53,0.3296
680.0,5056.14,0.3338
680.5,4998.9,0.3316
681.0,4907.64,0.3343
681.5,4816.37,0.3235
682.0,4725.11,0.3243
682.5,4633.84,0.3336
683.0,4542.58,0.3264
683.5,4451.31,0.3399
684.0,4360.04,0.335
684.5,4295.64,0.3378
685.0,4232.84,0.3036
685.5,4162.7,0.365
686.0,4092.57,0.3332
686.5,4022.43,0.3479
687.0,3952.3,0.3624
687.5,3882.16,0.335
688.0,3937.68,0.3201
688.5,4043.98,0.3298
689.0,4150.28,0.3258
689.5,4256.58,0.3194
690.0,4362.88,0.3151
690.5,4468.12,0.3266
691.0,4573.36,0.365
691.5,4661.54,0.3653
692.0,4740.98,0.3655
692.5,4820.42,0.3659
693.0,4899.86,0.3662
693.5,4979.3,0.3664
694.0,5058.74,0.3668
694.5,5138.18,0.3671
695.0,5147.09,0.3673
695.5,5101.26,0.3677
696.0,5055.43,0.368
696.5,5009.6,0.3682
697.0,4963.77,0.3686
697.5,4917.94,0.3689
698.0,4872.11,0.3692
698.5,4851.22,0.3695
699.0,4862.32,0.3698
699.5,4873.42,0.3701
700.0,4884.52,0.3704
700.5,4895.25,0.3707
701.0,4905.98,0.3709
701.5,4916.71,0.3712
702.0,4925.92,0.3715
702.5,4928.44,0.3718
703.0,4930.95,0.3721
703.5,4933.46,0.37
704.0,4935.98,0.3638
704.5,4938.49,0.3481
705.0,4941.01,0.3418
705.5,4943.52,0.3427
706.0,4862.31,0.3344
706.5,4761.94,0.3125
707.0,4661.57,0.3187
707.5,4561.2,0.3393
708.0,4460.84,0.3608
708.5,4360.47,0.3454
709.0,4260.1,0.3336
709.5,4194.81,0.3352
710.0,4173.7,0.3166
710.5,4152.6,0.3452
711.0,4131.49,0.3243
711.5,4110.38,0.3308
712.0,4089.28,0.3168
712.5,4068.17,0.3147
713.0,4053.04,0.3083
713.5,4115.76,0.325
714.0,4178.49,0.3318
714.5,4241.21,0.3134
715.0,4303.94,0.3423
715.5,4368.42,0.3195
716.0,4432.91,0.3366
716.5,4497.39,0.3479
717.0,4502.67,0.3414
717.5,4492.19,0.325
718.0,4481.72,0.3394
718.5,4471.24,0.3353
719.0,4460.77,0.3411
719.5,4450.29,0.3404
720.0,4439.82,0.3239
720.5,4411.35,0.3326
721.0,4372.14,0.3319
721.5,4332.94,0.3557
722.0,4293.74,0.351
722.5,4254.53,0.3527
723.0,4215.33,0.353
723.5,4176.13,0.3354
724.0,4164.73,0.337
724.5,4176.17,0.33
725.0,4187.62,0.3324
725.5,4199.06,0.3317
726.0,4210.51,0.3416
726.5,4221.96,0.3495
727.0,4233.4,0.3354
727.5,4238.95,0.3375
728.0,4237.94,0.3309
728.5,4236.93,0.3262
729.0,4235.92,0.3137
729.5,4234.91,0.3042
730.0,4233.9,0.3473
730.5,4232.89,0.3527
731.0,4195.61,0.3403
731.5,4103.43,0.3376
732.0,4011.25,0.3204
732.5,3919.08,0.314
733.0,3826.9,0.3457
733.5,3734.72,0.3544
734.0,3642.54,0.3372
734.5,3594.98,0.3327
735.0,3641.29,0.3416
735.5,3687.59,0.3424
736.0,3733.9,0.3305
736.5,3780.2,0.342
737.0,3826.5,0.3395
737.5,3872.81,0.324
738.0,3918.17,0.3288
738.5,3960.66,0.3205
739.0,4003.14,0.3164
739.5,4045.63,0.3209
740.0,4088.11,0.3321
740.5,4130.6,0.3233
741.0,4173.09,0.3161
741.5,4189.23,0.3168
742.0,4077.77,0.3366
742.5,3966.31,0.3296
743.0,3854.85,0.3279
743.5,3743.39,0.3306
744.0,3631.93,0.3197
744.5,3520.46,0.3302
745.0,3418.35,0.2965
745.5,3405.06,0.3087
746.0,3391.77,0.323
746.5,3378.48,0.3119
747.0,3365.19,0.3184
747.5,3351.89,0.3021
748.0,3338.6,0.3292
748.5,3325.31,0.3127
749.0,3393.04,0.3124
749.5,3478.0,0.3259
750.0,3562.96,0.3209
750.5,3642.43,0.3051
751.0,3721.89,0.3043
751.5,3801.35,0.2849
752.0,3880.81,0.3136
752.5,3933.47,0.3185
753.0,3902.66,0.2957
753.5,3871.85,0.3084
754.0,3841.04,0.2675
754.5,3810.24,0.2667
755.0,3779.43,0.2604
755.5,3748.62,0.2841
756.0,3717.81,0.2689
756.5,3675.25,0.296
757.0,3619.22,0.2966
757.5,3563.19,0.2814
758.0,3507.16,0.2806
758.5,3451.13,0.2697
759.0,3395.1,0.2749
759.5,3339.07,0.2796
760.0,3283.04,0.2649
760.5,3331.0,0.2492
761.0,3429.31,0.2418
761.5,3527.62,0.2508
762.0,3625.94,0.2513
762.5,3724.25,0.2582
763.0,3822.57,0.2483
763.5,3920.88,0.254
764.0,4019.2,0.2476
764.5,4114.48,0.258
765.0,4202.29,0.2561
765.5,4293.28,0.2614
766.0,4384.26,0.253
766.5,4475.25,0.2608
767.0,4566.23,0.2671
767.5,4657.22,0.2572
768.0,4748.2,0.2733
768.5,4817.13,0.2679
769.0,4769.46,0.2547
769.5,4721.78,0.2562
770.0,4674.11,0.261
770.5,4626.6,0.2787
771.0,4579.1,0.2709
771.5,4531.6,0.2753
772.0,4484.1,0.2696
772.5,4437.31,0.2431
773.0,4402.5,0.2341
773.5,4367.69,0.258
774.0,4332.88,0.2479
774.5,4298.07,0.2611
775.0,4263.25,0.2628
775.5,4227.94,0.267
776.0,4192.62,0.2635
776.5,4157.31,0.2596
777.0,4157.04,0.259
777.5,4157.29,0.2574
778.0,4157.53,0.2647
778.5,4157.77,0.2802
779.0,4158.01,0.2655
779.5,4158.26,0.2633
780.0,4158.5,0.2727
780.5,4158.73,0.2766
781.0,4185.51,0.2872
781.5,4213.86,0.2639
782.0,4242.21,0.2568
782.5,4270.57,0.2425
783.0,4298.92,0.2539
783.5,4327.28,0.2524
784.0,4355.63,0.2606
784.5,4383.98,0.2372
785.0,4413.63,0.2416
785.5,4443.46,0.2359
786.0,4473.3,0.2462
786.5,4503.13,0.2534
787.0,4532.97,0.2427
787.5,4562.8,0.2594
788.0,4592.64,0.2786
788.5,4622.47,0.2608
789.0,4649.57,0.2364
789.5,4648.97,0.2423
790.0,4648.38,0.2365
790.5,4647.76,0.2676
791.0,4647.15,0.2717
791.5,4646.53,0.246
792.0,4645.92,0.2672
792.5,4645.3,0.274
793.0,4644.68,0.2496
793.5,4601.73,0.2412
794.0,4545.47,0.2456
794.5,4489.21,0.2546
795.0,4432.94,0.2627
795.5,4374.03,0.2635
796.0,4315.12,0.2595
796.5,4256.2,0.2589
797.0,4197.29,0.2584
797.5,4179.25,0.2577
798.0,4178.94,0.2571
798.5,4178.62,0.2567
799.0,4178.3,0.2559
799.5,4177.98,0.2554
800.0,4177.66,0.2549
800.5,4177.35,0.2541
801.0,4177.04,0.2536
801.5,4174.66,0.2531
802.0,4171.55,0.2523
802.5,4168.45,0.2518
803.0,4165.35,0.2513
803.5,4162.25,0.2506
804.0,4159.15,0.2501
804.5,4156.05,0.2496
805.0,4152.94,0.2488
805.5,4121.13,0.2483
806.0,4072.62,0.2478
806.5,4024.11,0.2471
807.0,3975.6,0.2465
807.5,3927.09,0.246
808.0,3878.58,0.2453
808.5,3830.07,0.2448
809.0,3781.55,0.2443
809.5,3860.49,0.2435
810.0,3998.55,0.243
810.5,4136.19,0.2425
811.0,4273.84,0.2417
811.5,4411.48,0.2412
812.0,4549.12,0.2407
812.5,4686.76,0.2405
813.0,4824.41,0.2305
813.5,5038.06,0.2406
814.0,5281.94,0.2489
814.5,5525.83,0.2515
815.0,5769.72,0.245
815.5,6011.49,0.2304
816.0,6253.26,0.2192
816.5,6495.03,0.2349
817.0,6736.8,0.2334
817.5,6725.24,0.2418
818.0,6607.79,0.2403
818.5,6490.34,0.2427
819.0,6372.89,0.2507
819.5,6255.44,0.2588
820.0,6137.98,0.2409
820.5,6020.21,0.2403
821.0,5902.43,0.2483
821.5,5758.2,0.2649
822.0,5600.88,0.2529
822.5,5443.56,0.2843
823.0,5286.24,0.2677
823.5,5128.92,0.261
824.0,4971.6,0.2573
824.5,4814.27,0.2752
825.0,4656.95,0.2679
825.5,4639.95,0.2524
826.0,4698.48,0.2363
826.5,4757.01,0.254
827.0,4815.54,0.2457
827.5,4874.07,0.2481
828.0,4932.6,0.2504
828.5,4991.13,0.2631
829.0,5049.66,0.2506
829.5,5091.46,0.2548
830.0,5128.39,0.2789
830.5,5165.67,0.2755
831.0,5202.96,0.2699
831.5,5240.25,0.2633
832.0,5277.53,0.2835
832.5,5314.82,0.2671
833.0,5352.11,0.2675
833.5,5276.48,0.2549
834.0,5195.33,0.2585
834.5,5114.19,0.2698
835.0,5033.04,0.2624
835.5,4951.56,0.2808
836.0,4870.09,0.2685
836.5,4788.62,0.2857
837.0,4720.76,0.2593
837.5,4721.87,0.2739
838.0,4722.97,0.268
838.5,4724.08,0.271
839.0,4725.18,0.2801
839.5,4726.29,0.2742
840.0,4727.39,0.2634
840.5,4728.49,0.2764
841.0,4765.94,0.2495
841.5,4863.25,0.262
842.0,4960.56,0.2525
842.5,5057.87,0.2632
843.0,5155.18,0.2719
843.5,5252.49,0.292
844.0,5349.8,0.2749
844.5,5447.11,0.26
845.0,5507.2,0.2682
845.5,5535.2,0.2743
846.0,5563.2,0.2655
846.5,5591.19,0.2602
847.0,5619.19,0.2774
847.5,5647.19,0.2594
848.0,5675.19,0.2675
848.5,5703.18,0.2674
849.0,5686.89,0.2616
849.5,5654.18,0.2678
850.0,5621.47,0.2601
850.5,5588.08,0.2708
851.0,5554.68,0.2596
851.5,5521.29,0.2555
852.0,5487.9,0.2639
852.5,5452.78,0.2707
853.0,5360.39,0.2724
853.5,5268.0,0.2691
854.0,5175.61,0.2569
854.5,5083.22,0.2615
855.0,4990.83,0.2589
855.5,4897.79,0.2539
856.0,4804.75,0.2481
856.5,4727.22,0.2551
857.0,4672.7,0.2395
857.5,4618.18,0.2576
858.0,4563.65,0.264
858.5,4509.13,0.2628
859.0,4454.61,0.2554
859.5,4400.08,0.2741
860.0,4345.56,0.2642
860.5,4363.24,0.2524
861.0,4397.57,0.2645
861.5,4431.9,0.2781
862.0,4466.23,0.2505
862.5,4500.56,0.2543
863.0,4534.89,0.2646
863.5,4569.22,0.2645
864.0,4609.6,0.2722
864.5,4661.71,0.2541
865.0,4713.83,0.2742
865.5,4766.47,0.2656
866.0,4819.12,0.2585
866.5,4871.77,0.2759
867.0,4924.42,0.2819
867.5,4977.07,0.2779
868.0,4916.06,0.2675
868.5,4844.96,0.2622
869.0,4773.85,0.2801
869.5,4702.75,0.2634
870.0,4631.65,0.2547
870.5,4561.77,0.2654
871.0,4491.89,0.2612
871.5,4415.36,0.2683
872.0,4331.53,0.2746
872.5,4247.7,0.258
873.0,4163.87,0.2541
873.5,4080.04,0.2553
874.0,3996.21,0.2679
874.5,3912.39,0.2683
875.0,3828.56,0.2622
875.5,3863.45,0.2776
876.0,3904.67,0.2668
876.5,3945.89,0.2668
877.0,3987.11,0.2578
877.5,4028.33,0.2455
878.0,4069.55,0.2464
878.5,4110.77,0.2692
879.0,4137.22,0.2747
879.5,4141.37,0.2755
880.0,4145.52,0.2644
880.5,4149.72,0.2583
881.0,4153.92,0.2669
881.5,4158.12,0.2428
882.0,4162.32,0.2598
882.5,4166.51,0.2771
883.0,4123.18,0.2677
883.5,4074.8,0.2686
884.0,4026.43,0.25
884.5,3978.05,0.2659
885.0,3929.68,0.2706
885.5,3881.64,0.2709
886.0,3833.6,0.2647
886.5,3804.43,0.2706
887.0,3801.48,0.2605
887.5,3798.53,0.2328
888.0,3795.58,0.2546
888.5,3792.63,0.2783
889.0,3789.67,0.2656
889.5,3786.72,0.2469
890.0,3783.77,0.2515
890.5,3801.38,0.2801
891.0,3821.26,0.2689
891.5,3841.13,0.2706
892.0,3861.01,0.2864
892.5,3880.88,0.2775
893.0,3900.75,0.2684
893.5,3920.63,0.2875
894.0,3946.74,0.2759
894.5,3977.07,0.2768
895.0,4007.39,0.2732
895.5,4037.03,0.2764
896.0,4066.67,0.2651
896.5,4096.31,0.2626
897.0,4125.94,0.2873
897.5,4153.75,0.28
898.0,4173.46,0.2568
898.5,4193.18,0.27
899.0,4212.89,0.275
899.5,4232.6,0.2894
900.0,4252.32,0.2681
900.5,4271.81,0.2973
901.0,4291.29,0.2665
901.5,4306.77,0.276
902.0,4320.4,0.2705
902.5,4334.03,0.2677
903.0,4347.67,0.2555
903.5,4361.3,0.2749
904.0,4374.93,0.2785
904.5,4388.57,0.2809
905.0,4401.77,0.2816
905.5,4412.16,0.2811
906.0,4422.54,0.2696
906.5,4432.92,0.2652
907.0,4443.31,0.2456
907.5,4453.69,0.2622
908.0,4464.08,0.2611
908.5,4474.46,0.2538
909.0,4482.23,0.2464
909.5,4488.64,0.2477
910.0,4495.05,0.2538
910.5,4501.37,0.2359
911.0,4507.69,0.2692
911.5,4514.02,0.2826
912.0,4520.34,0.2627
912.5,4530.0,0.2848
913.0,4562.89,0.2629
913.5,4595.79,0.2625
914.0,4628.69,0.2665
914.5,4661.59,0.2714
915.0,4694.48,0.2706
915.5,4727.57,0.2806
916.0,4760.65,0.2625
916.5,4772.52,0.2608
917.0,4768.38,0.2565
917.5,4764.23,0.2864
918.0,4760.09,0.2924
918.5,4755.94,0.267
919.0,4751.79,0.2846
919.5,4747.65,0.2783
920.0,4743.54,0.2699
920.5,4740.3,0.2758
921.0,4737.05,0.2942
921.5,4733.81,0.2953
922.0,4730.56,0.2888
922.5,4727.32,0.2946
923.0,4724.07,0.2819
923.5,4720.83,0.284
924.0,4764.65,0.2774
924.5,4825.2,0.2821
925.0,4885.76,0.2982
925.5,4945.87,0.2869
926.0,5005.99,0.2994
926.5,5066.1,0.2936
927.0,5126.22,0.2872
927.5,5180.29,0.2816
928.0,5225.31,0.2617
928.5,5270.32,0.2594
929.0,5315.34,0.2683
929.5,5360.36,0.2883
930.0,5405.38,0.2957
930.5,5448.93,0.2715
931.0,5492.48,0.2855
931.5,5488.71,0.2778
932.0,5483.84,0.2699
932.5,5478.97,0.2777
933.0,5474.1,0.2445
933.5,5469.24,0.2656
934.0,5464.37,0.23
934.5,5459.5,0.218
935.0,5455.57,0.2355
935.5,5453.27,0.2512
936.0,5450.98,0.273
936.5,5448.69,0.2797
937.0,5446.4,0.2856
937.5,5444.11,0.2843
938.0,5441.82,0.291
938.5,5439.53,0.2979
939.0,5411.13,0.296
939.5,5359.39,0.296
940.0,5307.65,0.2851
940.5,5256.31,0.2762
941.0,5204.97,0.2845
941.5,5153.63,0.2787
942.0,5102.28,0.2647
942.5,5050.94,0.2445
943.0,5004.06,0.2622
943.5,4959.8,0.2387
944.0,4915.53,0.2535
944.5,4871.27,0.2614
945.0,4827.01,0.2649
945.5,4782.93,0.2554
946.0,4738.85,0.2584
946.5,4694.77,0.2597
947.0,4713.83,0.2479
947.5,4760.11,0.2437
948.0,4806.4,0.2607
948.5,4852.68,0.248
949.0,4898.96,0.2723
949.5,4945.25,0.2737
950.0,4991.53,0.2775
950.5,5037.65,0.2817
951.0,5054.25,0.2741
951.5,5060.71,0.2622
952.0,5067.16,0.2626
952.5,5073.62,0.2435
953.0,5080.07,0.2865
953.5,5086.52,0.269
954.0,5092.98,0.2694
954.5,5099.43,0.2804
955.0,5022.31,0.2758
955.5,4918.73,0.2821
956.0,4815.16,0.294
956.5,4711.59,0.2658
957.0,4608.01,0.283
957.5,4504.44,0.2561
958.0,4400.87,0.2566
958.5,4297.3,0.2587
959.0,4278.23,0.2703
959.5,4274.57,0.2843
960.0,4270.92,0.2696
960.5,4267.26,0.252
961.0,4263.61,0.2694
961.5,4259.96,0.2703
962.0,4256.31,0.2835
962.5,4252.65,0.2489
963.0,4376.63,0.2687
963.5,4511.02,0.2677
964.0,4645.41,0.2718
964.5,4779.8,0.2542
965.0,4914.19,0.2783
965.5,5049.69,0.2709
966.0,5185.2,0.2591
966.5,5318.81,0.2486
967.0,5373.93,0.2532
967.5,5429.06,0.2511
968.0,5484.18,0.2487
968.5,5539.3,0.2551
969.0,5594.42,0.2715
969.5,5649.54,0.2663
970.0,5704.66,0.263
970.5,5736.78,0.2615
971.0,5660.91,0.2521
971.5,5585.04,0.2689
972.0,5509.17,0.2314
972.5,5433.31,0.2585
973.0,5357.44,0.2526
973.5,5281.57,0.267
974.0,5205.7,0.2478
974.5,5167.36,0.238
975.0,5162.24,0.2602
975.5,5157.31,0.2745
976.0,5152.38,0.2675
976.5,5147.44,0.2476
977.0,5142.51,0.2642
977.5,5137.58,0.2566
978.0,5132.65,0.2442
978.5,5125.21,0.2402
979.0,5116.44,0.2461
979.5,5107.66,0.259
980.0,5098.88,0.2677
980.5,5090.25,0.2529
981.0,5081.62,0.2457
981.5,5072.99,0.2498
982.0,5064.35,0.2383
982.5,5050.77,0.255
983.0,5034.42,0.2389
983.5,5018.07,0.2477
984.0,5001.72,0.2514
984.5,4985.37,0.2658
985.0,4969.02,0.2435
985.5,4952.75,0.2295
986.0,4936.48,0.2363
986.5,4947.35,0.2601
987.0,4979.51,0.2646
987.5,5011.66,0.2735
988.0,5043.82,0.253
988.5,5075.97,0.2481
989.0,5108.12,0.2532
989.5,5140.28,0.227
990.0,5172.43,0.2465
990.5,5193.14,0.2658
991.0,5199.93,0.2406
991.5,5206.72,0.2438
992.0,5213.51,0.2551
992.5,5220.29,0.243
993.0,5227.08,0.2539
993.5,5233.87,0.2701
994.0,5240.65,0.2504
994.5,5230.55,0.2631
995.0,5188.57,0.2598
995.5,5147.32,0.2713
996.0,5106.07,0.25
996.5,5064.82,0.2626
997.0,5023.58,0.2548
997.5,4982.33,0.2654
998.0,4941.08,0.2612
998.5,4907.21,0.2563
999.0,4926.79,0.2407
999.5,4946.37,0.2555
1000.0,4965.95,0.2703
1000.5,4985.87,0.2504
1001.0,5005.8,0.2685
1001.5,5025.73,0.2718
1002.0,5045.65,0.2744
1002.5,5065.58,0.2712
1003.0,5147.06,0.2668
1003.5,5230.98,0.2558
1004.0,5314.9,0.2535
1004.5,5398.82,0.2739
1005.0,5482.74,0.2487
1005.5,5566.67,0.2405
1006.0,5650.61,0.2274
1006.5,5734.55,0.2472
1007.0,5654.14,0.268
1007.5,5546.44,0.2709
1008.0,5438.73,0.2536
1008.5,5331.03,0.2509
1009.0,5223.32,0.2744
1009.5,5115.62,0.2584
1010.0,5007.92,0.2579
1010.5,4898.69,0.2408
1011.0,4843.69,0.2655
1011.5,4804.73,0.2476
1012.0,4765.77,0.2394
1012.5,4726.81,0.2498
1013.0,4687.85,0.2639
1013.5,4648.9,0.2513
1014.0,4609.94,0.2593
1014.5,4570.98,0.2577
1015.0,4646.19,0.2351
1015.5,4754.13,0.2308
1016.0,4862.08,0.258
1016.5,4970.02,0.2524
1017.0,5077.96,0.2465
1017.5,5185.91,0.2642
1018.0,5293.85,0.2524
1018.5,5401.8,0.2692
1019.0,5386.2,0.2688
1019.5,5348.03,0.2801
1020.0,5309.86,0.2744
1020.5,5270.95,0.2481
1021.0,5232.05,0.2578
1021.5,5193.14,0.2707
1022.0,5154.24,0.2794
1022.5,5114.13,0.265
1023.0,4969.72,0.2546
1023.5,4825.32,0.2424
1024.0,4680.91,0.2581
1024.5,4536.5,0.2594
1025.0,4392.1,0.2527
1025.5,4268.38,0.2616
1026.0,4144.67,0.2468
1026.5,4020.95,0.2555
1027.0,4056.16,0.2666
1027.5,4139.43,0.2349
1028.0,4222.69,0.2461
1028.5,4305.95,0.2599
1029.0,4389.22,0.2585
1029.5,4472.48,0.2451
1030.0,4555.74,0.2559
1030.5,4635.88,0.2567
1031.0,4716.01,0.2574
1031.5,4828.99,0.2956
1032.0,4964.27,0.2993
1032.5,5099.55,0.27
1033.0,5234.83,0.2519
1033.5,5370.11,0.2508
1034.0,5505.38,0.2523
1034.5,5640.66,0.2429
1035.0,5775.94,0.253
1035.5,5909.21,0.2454
1036.0,6017.03,0.2474
1036.5,5956.77,0.26
1037.0,5896.5,0.2595
1037.5,5836.24,0.2554
1038.0,5775.97,0.2603
1038.5,5715.71,0.2461
1039.0,5655.44,0.2634
1039.5,5595.18,0.2421
1040.0,5534.91,0.255
1040.5,5474.22,0.2493
1041.0,5448.04,0.2559
1041.5,5448.65,0.2369
1042.0,5449.27,0.2424
1042.5,5449.88,0.2587
1043.0,5450.49,0.2261
1043.5,5451.11,0.2339
1044.0,5451.72,0.2343
1044.5,5452.33,0.2596
1045.0,5452.95,0.2911
1045.5,5454.66,0.3387
1046.0,5464.72,0.3341
1046.5,5474.78,0.3049
1047.0,5484.84,0.2981
1047.5,5494.9,0.3141
1048.0,5504.96,0.3061
1048.5,5515.02,0.3262
1049.0,5525.08,0.3135
1049.5,5535.14,0.2925
1050.0,5539.71,0.2924
1050.5,5523.38,0.2958
1051.0,5507.06,0.3212
1051.5,5490.73,0.3104
1052.0,5474.4,0.2859
1052.5,5458.08,0.2883
1053.0,5441.75,0.2786
1053.5,5425.43,0.2566
1054.0,5409.1,0.2304
1054.5,5395.48,0.2194
1055.0,5389.27,0.2306
1055.5,5383.49,0.2213
1056.0,5377.7,0.225
1056.5,5371.91,0.2367
1057.0,5366.12,0.2247
1057.5,5360.33,0.2253
1058.0,5354.54,0.2264
1058.5,5348.76,0.2263
1059.0,5342.97,0.2463
1059.5,5417.3,0.257
1060.0,5515.43,0.2185
1060.5,5612.91,0.2358
1061.0,5710.39,0.2296
1061.5,5807.87,0.239
1062.0,5905.35,0.2489
1062.5,6002.83,0.2287
1063.0,6100.31,0.2437
1063.5,6197.8,0.2414
1064.0,6278.91,0.251
1064.5,6250.59,0.2124
1065.0,6222.27,0.2395
1065.5,6195.04,0.2293
1066.0,6167.82,0.2475
1066.5,6140.59,0.2308
1067.0,6113.37,0.2365
1067.5,6086.14,0.2377
1068.0,6058.92,0.2448
1068.5,6031.7,0.2111
1069.0,5997.97,0.2253
1069.5,5933.37,0.2461
1070.0,5868.78,0.238
1070.5,5813.19,0.2367
1071.0,5757.61,0.2235
1071.5,5702.02,0.2198
1072.0,5646.43,0.244
1072.5,5590.84,0.2499
1073.0,5535.26,0.2521
1073.5,5479.67,0.259
1074.0,5424.08,0.2411
1074.5,5368.5,0.2533
1075.0,5446.15,0.2465
1075.5,5551.76,0.255
1076.0,5657.38,0.3022
1076.5,5762.99,0.2635
1077.0,5868.6,0.3067
1077.5,5974.21,0.297
1078.0,6079.82,0.2905
1078.5,6185.43,0.2854
1079.0,6291.04,0.2489
1079.5,6396.66,0.2544
1080.0,6502.27,0.2396
1080.5,6499.04,0.2427
1081.0,6464.45,0.2787
1081.5,6429.85,0.2963
1082.0,6395.25,0.2955
1082.5,6360.65,0.3124
1083.0,6326.06,0.3094
1083.5,6291.46,0.3255
1084.0,6256.86,0.278
1084.5,6222.27,0.271
1085.0,6187.67,0.2679
1085.5,6153.03,0.2648
1086.0,6013.15,0.2874
1086.5,5813.68,0.253
1087.0,5614.21,0.2507
1087.5,5414.74,0.2484
1088.0,5215.28,0.2682
1088.5,5015.81,0.2714
1089.0,4816.34,0.2544
1089.5,4616.87,0.2342
1090.0,4417.4,0.23
1090.5,4219.84,0.239
1091.0,4022.28,0.2357
1091.5,3915.41,0.2199
1092.0,3903.32,0.2361
1092.5,3891.22,0.2372
1093.0,3879.13,0.2477
1093.5,3867.04,0.2636
1094.0,3854.95,0.2585
1094.5,3842.86,0.2818
1095.0,3830.77,0.2657
1095.5,3818.67,0.2475
1096.0,3806.57,0.2702
1096.5,3794.48,0.2644
1097.0,3808.65,0.265
1097.5,3898.64,0.2628
1098.0,3988.63,0.2593
1098.5,4078.62,0.2507
1099.0,4168.61,0.2319
1099.5,4258.6,0.2665
1100.0,4348.6,0.2566
1100.5,4438.58,0.2451
1101.0,4528.57,0.2354
1101.5,4618.56,0.2504
1102.0,4708.55,0.2506
1102.5,4795.05,0.2567
1103.0,4761.78,0.239
1103.5,4728.5,0.2411
1104.0,4695.23,0.2479
1104.5,4661.95,0.2494
1105.0,4628.68,0.2628
1105.5,4592.45,0.3229
1106.0,4556.21,0.2986
1106.5,4519.98,0.3142
1107.0,4483.75,0.3372
1107.5,4447.51,0.323
1108.0,4403.25,0.3202
1108.5,4340.71,0.3172
1109.0,4278.17,0.3259
1109.5,4215.64,0.3203
1110.0,4153.1,0.3318
1110.5,4090.2,0.3176
1111.0,4027.29,0.3021
1111.5,3964.38,0.3383
1112.0,3901.47,0.332
1112.5,3838.57,0.3365
1113.0,3779.86,0.3324
1113.5,3862.76,0.3385
1114.0,3945.66,0.2709
1114.5,4028.56,0.2968
1115.0,4111.46,0.3268
1115.5,4196.09,0.3482
1116.0,4280.72,0.3418
1116.5,4365.35,0.3295
1117.0,4449.98,0.3364
1117.5,4534.62,0.3509
1118.0,4619.25,0.3257
1118.5,4678.28,0.3209
1119.0,4734.63,0.3303
1119.5,4790.97,0.3342
1120.0,4847.31,0.3359
1120.5,4902.94,0.325
1121.0,4958.56,0.3319
1121.5,5014.18,0.3491
1122.0,5069.8,0.3388
1122.5,5125.42,0.3253
1123.0,5181.04,0.2973
1123.5,5146.57,0.339
1124.0,5087.2,0.311
1124.5,5027.83,0.3469
1125.0,4968.46,0.3463
1125.5,4908.71,0.3363
1126.0,4848.97,0.3182
1126.5,4789.22,0.3138
1127.0,4729.48,0.3305
1127.5,4669.73,0.3481
1128.0,4609.99,0.3391
1128.5,4592.87,0.3304
1129.0,4598.56,0.311
1129.5,4604.26,0.3223
1130.0,4609.96,0.3401
1130.5,4615.37,0.2943
1131.0,4620.77,0.293
1131.5,4626.18,0.2454
1132.0,4631.59,0.2331
1132.5,4636.99,0.2405
1133.0,4642.4,0.2321
1133.5,4647.76,0.2429
1134.0,4652.92,0.2342
1134.5,4658.08,0.2381
1135.0,4663.31,0.2571
1135.5,4668.61,0.2469
1136.0,4673.91,0.2668
1136.5,4679.21,0.2577
1137.0,4684.51,0.2689
1137.5,4689.81,0.2661
1138.0,4695.1,0.2655
1138.5,4700.4,0.2785
1139.0,4699.75,0.2787
1139.5,4697.14,0.266
1140.0,4694.52,0.2595
1140.5,4692.06,0.2706
1141.0,4689.59,0.2602
1141.5,4687.12,0.2467
1142.0,4684.65,0.2603
1142.5,4682.18,0.2733
1143.0,4679.71,0.2751
1143.5,4677.24,0.2956
1144.0,4674.77,0.2264
1144.5,4695.04,0.2499
1145.0,4717.03,0.2469
1145.5,4739.37,0.275
1146.0,4761.71,0.2712
1146.5,4784.04,0.2773
1147.0,4806.38,0.2786
1147.5,4828.71,0.2343
1148.0,4851.05,0.2475
1148.5,4873.38,0.2538
1149.0,4895.72,0.2528
1149.5,4919.46,0.2755
1150.0,4958.16,0.2584
1150.5,4996.7,0.2756
1151.0,5035.24,0.2533
1151.5,5073.78,0.2814
1152.0,5112.31,0.2842
1152.5,5150.85,0.2753
1153.0,5189.39,0.2517
1153.5,5227.93,0.2437
1154.0,5266.47,0.2455
1154.5,5305.01,0.247
1155.0,5332.62,0.2444
1155.5,5323.9,0.2673
1156.0,5315.17,0.2621
1156.5,5306.45,0.257
1157.0,5297.72,0.2807
1157.5,5289.0,0.3238
1158.0,5280.27,0.2502
1158.5,5271.55,0.255
1159.0,5262.82,0.2645
1159.5,5254.1,0.2495
1160.0,5245.37,0.2666
1160.5,5236.75,0.2628
1161.0,5227.93,0.2485
1161.5,5219.1,0.2556
1162.0,5210.27,0.2372
1162.5,5201.44,0.2311
1163.0,5192.62,0.2179
1163.5,5183.79,0.2408
1164.0,5174.96,0.2483
1164.5,5166.13,0.2419
1165.0,5157.3,0.2492
1165.5,5148.43,0.2376
1166.0,5139.55,0.2309
1166.5,5159.28,0.2451
1167.0,5196.7,0.2361
1167.5,5234.11,0.2123
1168.0,5271.52,0.2301
1168.5,5308.93,0.2368
1169.0,5346.34,0.2505
1169.5,5383.76,0.2302
1170.0,5421.17,0.2412
1170.5,5459.24,0.2552
1171.0,5497.32,0.2311
1171.5,5535.39,0.2295
1172.0,5559.78,0.2413
1172.5,5560.26,0.2328
1173.0,5560.74,0.2396
1173.5,5561.21,0.2405
1174.0,5561.69,0.2416
1174.5,5562.17,0.2525
1175.0,5562.66,0.266
1175.5,5563.16,0.2721
1176.0,5563.66,0.2704
1176.5,5564.16,0.2838
1177.0,5564.66,0.2775
1177.5,5533.83,0.2448
1178.0,5470.45,0.2543
1178.5,5407.07,0.2627
1179.0,5343.69,0.2773
1179.5,5280.3,0.299
1180.0,5216.92,0.2669
1180.5,5146.1,0.2658
1181.0,5075.27,0.2868
1181.5,5004.44,0.2719
1182.0,4933.62,0.2846
1182.5,4905.3,0.2594
1183.0,4938.8,0.2991
1183.5,4972.31,0.3021
1184.0,5005.81,0.2905
1184.5,5039.31,0.2912
1185.0,5072.81,0.3021
1185.5,5107.64,0.3078
1186.0,5142.48,0.3226
1186.5,5177.31,0.3087
1187.0,5210.35,0.3018
1187.5,5214.21,0.2882
1188.0,5218.08,0.3054
1188.5,5221.94,0.3072
1189.0,5225.8,0.3162
1189.5,5229.67,0.318
1190.0,5233.53,0.2663
1190.5,5237.49,0.2852
1191.0,5241.44,0.3235
1191.5,5245.39,0.2921
1192.0,5207.79,0.2806
1192.5,5169.53,0.2811
1193.0,5131.27,0.283
1193.5,5093.01,0.2926
1194.0,5054.75,0.2841
1194.5,5016.49,0.2621
1195.0,4978.23,0.2756
1195.5,4939.56,0.2923
1196.0,4903.5,0.3045
1196.5,4903.08,0.3072
1197.0,4902.66,0.3067
1197.5,4902.24,0.2875
1198.0,4901.82,0.2994
1198.5,4901.41,0.3097
1199.0,4900.99,0.3019
1199.5,4900.57,0.2859
1200.0,4900.15,0.2592
1200.5,4899.55,0.3002
1201.0,4898.31,0.3043
1201.5,4897.06,0.3113
1202.0,4895.82,0.3248
1202.5,4894.58,0.3189
1203.0,4893.34,0.3311
1203.5,4892.1,0.2956
1204.0,4890.86,0.3246
1204.5,4889.61,0.3325
1205.0,4887.07,0.3096
1205.5,4882.81,0.3143
1206.0,4878.56,0.2902
1206.5,4874.31,0.2891
1207.0,4870.05,0.3002
1207.5,4865.8,0.3089
1208.0,4861.54,0.3239
1208.5,4857.29,0.3312
1209.0,4853.03,0.3105
1209.5,4849.33,0.3093
1210.0,4846.74,0.3456
1210.5,4844.2,0.3225
1211.0,4841.66,0.3459
1211.5,4839.12,0.3398
1212.0,4836.58,0.3514
1212.5,4834.04,0.3585
1213.0,4831.5,0.3815
1213.5,4828.96,0.3724
1214.0,4831.33,0.3666
1214.5,4888.05,0.3414
1215.0,4944.77,0.3366
1215.5,5002.04,0.3515
1216.0,5059.31,0.3327
1216.5,5116.58,0.3335
1217.0,5173.85,0.3183
1217.5,5231.11,0.3304
1218.0,5288.38,0.3593
1218.5,5345.65,0.3473
1219.0,5320.64,0.2847
1219.5,5284.02,0.2934
1220.0,5247.41,0.2775
1220.5,5211.03,0.2879
1221.0,5174.65,0.3244
1221.5,5138.27,0.3045
1222.0,5101.89,0.3536
1222.5,5065.5,0.3705
1223.0,5029.12,0.3769
1223.5,4975.32,0.3507
1224.0,4912.07,0.3381
1224.5,4848.83,0.3037
1225.0,4785.58,0.3232
1225.5,4721.28,0.3164
1226.0,4656.98,0.2839
1226.5,4592.68,0.3023
1227.0,4528.38,0.2856
1227.5,4464.07,0.3017
1228.0,4450.61,0.3419
1228.5,4489.25,0.3497
1229.0,4527.89,0.3418
1229.5,4566.53,0.3405
1230.0,4605.17,0.3288
1230.5,4643.51,0.3549
1231.0,4681.85,0.3454
1231.5,4720.18,0.3182
1232.0,4758.52,0.3154
1232.5,4798.42,0.3302
1233.0,4841.08,0.3211
1233.5,4883.73,0.357
1234.0,4926.38,0.3619
1234.5,4969.04,0.3398
1235.0,5011.69,0.3446
1235.5,5051.87,0.336
1236.0,5092.04,0.3571
1236.5,5132.22,0.3704
1237.0,5172.4,0.356
1237.5,5158.83,0.3706
1238.0,5143.11,0.371
1238.5,5127.39,0.3246
1239.0,5111.67,0.3271
1239.5,5095.95,0.3144
1240.0,5080.23,0.3251
1240.5,5064.35,0.3294
1241.0,5048.46,0.349
1241.5,5032.58,0.3557
1242.0,5018.49,0.375
1242.5,5009.31,0.3807
1243.0,5000.13,0.3626
1243.5,4990.95,0.3568
1244.0,4981.77,0.3753
1244.5,4972.59,0.3474
1245.0,4963.41,0.3586
1245.5,4953.53,0.3342
1246.0,4943.66,0.3167
1246.5,4933.78,0.3241
1247.0,4936.29,0.3259
1247.5,4940.59,0.3454
1248.0,4944.9,0.3722
1248.5,4949.2,0.3567
1249.0,4953.5,0.3635
1249.5,4957.8,0.3452
1250.0,4962.11,0.3259
1250.5,4966.32,0.3385
1251.0,4970.54,0.358
1251.5,4969.23,0.354
1252.0,4967.13,0.3321
1252.5,4965.03,0.3506
1253.0,4962.94,0.3484
1253.5,4960.84,0.338
1254.0,4958.74,0.3216
1254.5,4956.64,0.322
1255.0,4954.55,0.3108
1255.5,4952.39,0.3433
1256.0,4911.06,0.3328
1256.5,4858.05,0.3299
1257.0,4805.04,0.3235
1257.5,4752.03,0.3428
1258.0,4699.02,0.3285
1258.5,4646.01,0.3525
1259.0,4593.0,0.3505
1259.5,4539.99,0.3504
1260.0,4486.98,0.3508
1260.5,4486.51,0.347
1261.0,4492.86,0.3618
1261.5,4499.2,0.3576
1262.0,4505.55,0.3659
1262.5,4511.89,0.3695
1263.0,4518.23,0.3561
1263.5,4524.58,0.358
1264.0,4530.92,0.3713
1264.5,4537.27,0.3793
1265.0,4612.74,0.3963
1265.5,4692.59,0.3522
1266.0,4772.44,0.3856
1266.5,4852.29,0.3696
1267.0,4932.14,0.395
1267.5,5011.99,0.3801
1268.0,5091.84,0.3668
1268.5,5171.69,0.3483
1269.0,5251.54,0.3286
1269.5,5303.62,0.3308
1270.0,5345.96,0.3526
1270.5,5386.9,0.3455
1271.0,5427.83,0.3311
1271.5,5468.77,0.3278
1272.0,5509.7,0.318
1272.5,5550.63,0.3185
1273.0,5591.57,0.332
1273.5,5632.5,0.3268
1274.0,5656.39,0.353
1274.5,5637.75,0.3468
1275.0,5619.11,0.3692
1275.5,5598.89,0.3374
1276.0,5578.66,0.3681
1276.5,5558.44,0.3615
1277.0,5538.21,0.3778
1277.5,5517.99,0.379
1278.0,5497.77,0.3764
1278.5,5469.84,0.3933
1279.0,5426.81,0.4046
1279.5,5383.77,0.4117
