MD,imp,por
404.5,4024.83,0.3704
405.0,4024.83,0.3725
405.5,4024.83,0.3776
406.0,4024.83,0.3742
406.5,4026.15,0.3742
407.0,4028.34,0.3621
407.5,4030.54,0.3524
408.0,4032.73,0.3545
408.5,4034.92,0.3509
409.0,4037.11,0.3406
409.5,4039.3,0.35
410.0,4041.61,0.3357
410.5,4045.25,0.3423
411.0,4048.9,0.3593
411.5,4052.54,0.3595
412.0,4056.18,0.3808
412.5,4059.83,0.3722
413.0,4063.47,0.3571
413.5,4067.11,0.3638
414.0,4066.84,0.3422
414.5,4063.43,0.3366
415.0,4060.03,0.3587
415.5,4056.62,0.3648
416.0,4053.22,0.3695
416.5,4049.82,0.3664
417.0,4046.41,0.3598
417.5,4043.08,0.3609
418.0,4041.83,0.3612
418.5,4040.57,0.3687
419.0,4039.32,0.3577
419.5,4038.06,0.3551
420.0,4036.81,0.3546
420.5,4035.56,0.3616
421.0,4034.3,0.3611
421.5,4035.19,0.3545
422.0,4038.16,0.3586
422.5,4041.13,0.3561
423.0,4044.1,0.3544
423.5,4047.07,0.3485
424.0,4050.04,0.3585
424.5,4053.01,0.3309
425.0,4055.98,0.316
425.5,4044.93,0.3359
426.0,4033.65,0.3336
426.5,4022.38,0.4243
427.0,4011.11,0.3508
427.5,3999.84,0.3308
428.0,3988.56,0.3289
428.5,3977.29,0.3912
429.0,3961.48,0.3751
429.5,3940.35,0.3635
430.0,3919.21,0.37
430.5,3898.08,0.3695
431.0,3876.95,0.3761
431.5,3855.81,0.3775
432.0,3834.68,0.3732
432.5,3813.55,0.3712
433.0,3803.13,0.3773
433.5,3793.44,0.3744
434.0,3783.75,0.3821
434.5,3774.07,0.3919
435.0,3764.38,0.3755
435.5,3754.69,0.3826
436.0,3745.0,0.419
436.5,3733.79,0.423
437.0,3720.41,0.4023
437.5,3707.03,0.4242
438.0,3693.65,0.424
438.5,3680.27,0.3845
439.0,3666.89,0.3997
439.5,3653.51,0.3678
440.0,3640.13,0.3595
440.5,3624.68,0.3651
441.0,3608.98,0.3399
441.5,3593.28,0.3552
442.0,3577.57,0.3376
442.5,3561.87,0.34
443.0,3546.16,0.3419
443.5,3530.46,0.3471
444.0,3533.44,0.3568
444.5,3569.0,0.3674
445.0,3604.57,0.3654
445.5,3640.13,0.3541
446.0,3675.69,0.362
446.5,3711.25,0.3648
447.0,3746.81,0.3906
447.5,3782.37,0.3853
448.0,3857.09,0.3795
448.5,3939.23,0.3795
449.0,4021.37,0.3933
449.5,4103.52,0.373
450.0,4185.66,0.3937
450.5,4267.8,0.3742
451.0,4349.94,0.3598
451.5,4402.01,0.3473
452.0,4389.16,0.3719
452.5,4376.31,0.3853
453.0,4363.45,0.384
453.5,4350.6,0.3825
454.0,4337.75,0.3702
454.5,4324.9,0.3891
455.0,4312.04,0.3722
455.5,4236.06,0.3755
456.0,4143.55,0.3906
456.5,4051.05,0.3736
457.0,3958.55,0.363
457.5,3866.04,0.3518
458.0,3773.54,0.3667
458.5,3681.04,0.3692
459.0,3609.75,0.3635
459.5,3596.23,0.3642
460.0,3582.7,0.3527
460.5,3569.18,0.3622
461.0,3555.65,0.3628
461.5,3542.13,0.3615
462.0,3528.6,0.3578
462.5,3515.07,0.361
463.0,3545.46,0.3485
463.5,3590.9,0.347
464.0,3636.34,0.3884
464.5,3681.78,0.3583
465.0,3727.21,0.3673
465.5,3772.65,0.3765
466.0,3818.09,0.3593
466.5,3854.75,0.3658
467.0,3860.41,0.357
467.5,3866.08,0.3497
468.0,3871.74,0.3719
468.5,3877.4,0.3729
469.0,3883.07,0.3565
469.5,3888.73,0.3509
470.0,3894.4,0.388
470.5,3893.24,0.3427
471.0,3889.12,0.3443
471.5,3885.0,0.3408
472.0,3880.88,0.3395
472.5,3876.76,0.3512
473.0,3872.64,0.3432
473.5,3868.52,0.3588
474.0,3871.22,0.3503
474.5,3906.56,0.3498
475.0,3941.9,0.3699
475.5,3977.23,0.3644
476.0,4012.57,0.3815
476.5,4047.91,0.3834
477.0,4083.25,0.3881
477.5,4118.58,0.4069
478.0,4146.55,0.3686
478.5,4170.52,0.3983
479.0,4194.5,0.4323
479.5,4218.47,0.4196
480.0,4242.45,0.384
480.5,4266.43,0.4219
481.0,4290.4,0.3924
481.5,4304.41,0.3943
482.0,4248.59,0.4011
482.5,4192.77,0.4064
483.0,4136.95,0.3598
483.5,4081.13,0.3432
484.0,4025.31,0.3607
484.5,3969.49,0.3518
485.0,3913.67,0.3482
485.5,3910.43,0.3711
486.0,3942.1,0.3867
486.5,3972.97,0.3787
487.0,4003.52,0.3777
487.5,4034.08,0.3894
488.0,4064.64,0.3866
488.5,4095.2,0.3826
489.0,4125.76,0.4016
489.5,4238.58,0.3698
490.0,4363.44,0.37
490.5,4488.29,0.3575
491.0,4613.14,0.357
491.5,4738.0,0.3668
492.0,4862.85,0.3641
492.5,4987.7,0.3396
493.0,5100.54,0.344
493.5,5066.64,0.3692
494.0,5032.74,0.3631
494.5,4998.84,0.3705
495.0,4964.94,0.3651
495.5,4931.04,0.3788
496.0,4897.14,0.3734
496.5,4863.24,0.3875
497.0,4806.78,0.3843
497.5,4692.01,0.4284
498.0,4577.24,0.4039
498.5,4462.46,0.4108
499.0,4347.69,0.389
499.5,4232.92,0.3867
500.0,4118.14,0.3804
500.5,4003.37,0.3598
501.0,3944.9,0.3882
501.5,3946.91,0.4095
502.0,3948.91,0.378
502.5,3950.91,0.3712
503.0,3952.92,0.3739
503.5,3954.92,0.3658
504.0,3956.93,0.3578
504.5,3958.93,0.3928
505.0,3985.75,0.3426
505.5,4023.95,0.3951
506.0,4062.15,0.4133
506.5,4100.35,0.4302
507.0,4138.55,0.4524
507.5,4176.76,0.4424
508.0,4214.96,0.4203
508.5,4253.16,0.404
509.0,4253.84,0.3636
509.5,4249.82,0.3395
510.0,4245.81,0.3388
510.5,4241.79,0.3449
511.0,4237.77,0.3854
511.5,4233.75,0.3594
512.0,4229.73,0.3753
512.5,4228.97,0.3211
513.0,4260.43,0.3581
513.5,4291.89,0.3545
514.0,4323.35,0.3417
514.5,4354.81,0.3306
515.0,4386.27,0.3309
515.5,4417.73,0.3464
516.0,4449.19,0.3482
516.5,4508.21,0.3548
517.0,4633.07,0.3589
517.5,4757.93,0.3536
518.0,4882.79,0.3542
518.5,5007.65,0.348
519.0,5132.51,0.3513
519.5,5257.37,0.3567
520.0,5382.23,0.3514
520.5,5446.44,0.3513
521.0,5449.6,0.3569
521.5,5452.77,0.3246
522.0,5455.93,0.3446
522.5,5459.09,0.3712
523.0,5462.23,0.3931
523.5,5465.38,0.4192
524.0,5468.52,0.3483
524.5,5399.95,0.3869
525.0,5296.76,0.3723
525.5,5193.58,0.3672
526.0,5090.39,0.3512
526.5,4987.2,0.3619
527.0,4884.02,0.3684
527.5,4780.83,0.4148
528.0,4677.64,0.3707
528.5,4570.74,0.388
529.0,4463.04,0.3488
529.5,4355.34,0.3795
530.0,4247.64,0.3716
530.5,4139.94,0.4092
531.0,4032.24,0.3607
531.5,3924.54,0.3858
532.0,3816.84,0.383
532.5,3786.15,0.3834
533.0,3757.67,0.3729
533.5,3729.19,0.4056
534.0,3700.71,0.3871
534.5,3672.23,0.3708
535.0,3643.75,0.3639
535.5,3615.27,0.3837
536.0,3594.94,0.3593
536.5,3633.83,0.3573
537.0,3672.73,0.3655
537.5,3711.62,0.3438
538.0,3750.52,0.3739
538.5,3789.41,0.3698
539.0,3828.3,0.3764
539.5,3867.2,0.3415
540.0,3911.65,0.3539
540.5,3971.14,0.3728
541.0,4030.64,0.3754
541.5,4090.13,0.3703
542.0,4149.62,0.3691
542.5,4209.12,0.3605
543.0,4268.61,0.3467
543.5,4328.1,0.348
544.0,4351.42,0.3605
544.5,4324.51,0.3659
545.0,4297.59,0.3666
545.5,4270.67,0.3766
546.0,4243.75,0.3501
546.5,4216.83,0.3539
547.0,4189.91,0.3739
547.5,4162.99,0.3422
548.0,4161.52,0.3612
548.5,4179.44,0.3522
549.0,4197.37,0.3551
549.5,4215.29,0.3619
550.0,4233.22,0.3586
550.5,4251.14,0.3729
551.0,4269.06,0.3604
551.5,4286.99,0.3602
552.0,4396.33,0.3838
552.5,4541.88,0.3762
553.0,4687.43,0.3566
553.5,4832.98,0.3317
554.0,4978.53,0.3473
554.5,5124.08,0.3922
555.0,5269.63,0.3909
555.5,5415.18,0.3671
556.0,5388.3,0.3503
556.5,5334.53,0.3428
557.0,5280.77,0.3463
557.5,5227.0,0.3428
558.0,5173.23,0.3716
558.5,5119.47,0.3475
559.0,5065.7,0.3695
559.5,5010.75,0.3842
560.0,4872.11,0.3984
560.5,4733.47,0.4061
561.0,4594.83,0.4026
561.5,4456.19,0.4049
562.0,4317.55,0.3741
562.5,4178.91,0.3941
563.0,4040.27,0.4037
563.5,3927.38,0.4068
564.0,3946.9,0.4056
564.5,3966.57,0.3942
565.0,3986.83,0.3592
565.5,4007.1,0.3789
566.0,4027.36,0.3507
566.5,4047.63,0.3465
567.0,4067.89,0.3895
567.5,4067.92,0.3509
568.0,4049.92,0.4248
568.5,4031.92,0.3942
569.0,4013.92,0.3942
569.5,3995.92,0.39
570.0,3977.92,0.39
570.5,3959.92,0.3858
571.0,3941.92,0.3858
571.5,3761.15,0.3816
572.0,3574.89,0.3816
572.5,3388.63,0.3773
573.0,3202.37,0.3773
573.5,3016.12,0.3731
574.0,2829.86,0.3731
574.5,2643.6,0.3689
575.0,2501.26,0.3689
575.5,2423.2,0.3591
576.0,2345.14,0.3585
576.5,2267.08,0.3534
577.0,2189.02,0.3648
577.5,2110.96,0.348
578.0,2032.89,0.3228
578.5,1954.83,0.3356
579.0,2007.55,0.3329
579.5,2084.37,0.3393
580.0,2161.18,0.3334
580.5,2237.99,0.3147
581.0,2314.8,0.3348
581.5,2391.61,0.341
582.0,2468.42,0.3467
582.5,2542.96,0.345
583.0,2611.72,0.3505
583.5,2680.49,0.365
584.0,2749.25,0.3536
584.5,2818.01,0.3503
585.0,2886.78,0.3483
585.5,2955.54,0.3566
586.0,3024.3,0.3601
586.5,3032.73,0.3527
587.0,3017.87,0.3556
587.5,3003.01,0.363
588.0,2988.15,0.356
588.5,2973.29,0.3625
589.0,2958.42,0.3625
589.5,2943.56,0.3574
590.0,2939.27,0.3574
590.5,2990.5,0.3524
591.0,3041.72,0.3524
591.5,3092.94,0.3494
592.0,3144.16,0.3558
592.5,3195.38,0.3527
593.0,3246.6,0.3546
593.5,3297.82,0.3527
594.0,3350.98,0.3484
594.5,3413.75,0.3528
595.0,3476.52,0.3513
595.5,3539.29,0.3463
596.0,3602.05,0.3515
596.5,3664.82,0.3552
597.0,3727.59,0.3373
597.5,3790.36,0.3645
598.0,3838.84,0.3279
598.5,3820.06,0.33
599.0,3801.28,0.3397
599.5,3782.5,0.3288
600.0,3763.72,0.2964
600.5,3744.94,0.3105
601.0,3726.16,0.3528
601.5,3707.38,0.3386
602.0,3702.34,0.3438
602.5,3758.72,0.3426
603.0,3815.1,0.338
603.5,3871.48,0.3426
604.0,3927.86,0.3189
604.5,3984.24,0.3245
605.0,4040.62,0.3283
605.5,4097.01,0.3378
606.0,4165.5,0.3178
606.5,4285.45,0.3238
607.0,4405.4,0.3219
607.5,4525.35,0.3186
608.0,4645.3,0.3064
608.5,4765.25,0.3185
609.0,4885.2,0.3239
609.5,5005.15,0.3144
610.0,5098.79,0.3329
610.5,5085.89,0.2551
611.0,5073.13,0.2868
611.5,5060.94,0.3195
612.0,5048.75,0.2949
612.5,5036.55,0.3101
613.0,5024.36,0.3233
613.5,5012.17,0.3245
614.0,4999.98,0.3477
614.5,4999.73,0.3485
615.0,5001.46,0.356
615.5,5003.19,0.363
616.0,5004.92,0.3625
616.5,5006.65,0.3628
617.0,5008.38,0.3342
617.5,5010.11,0.3607
618.0,5011.84,0.3515
618.5,5055.64,0.3693
619.0,5161.76,0.3218
619.5,5267.89,0.3216
620.0,5374.02,0.3232
620.5,5480.15,0.3528
621.0,5586.28,0.351
621.5,5692.41,0.3296
622.0,5798.53,0.323
622.5,5904.66,0.3298
623.0,5948.02,0.3202
623.5,5987.9,0.3301
624.0,6027.77,0.3317
624.5,6067.65,0.3209
625.0,6107.52,0.3273
625.5,6147.39,0.3314
626.0,6187.27,0.329
626.5,6227.14,0.3235
627.0,6237.31,0.3178
627.5,6216.79,0.3192
628.0,6196.26,0.3369
628.5,6175.74,0.3128
629.0,6155.22,0.3193
629.5,6134.7,0.3406
630.0,6114.18,0.32
630.5,6093.66,0.3417
631.0,6074.05,0.3392
631.5,6078.7,0.3448
632.0,6083.35,0.3515
632.5,6088.0,0.3391
633.0,6092.65,0.3471
633.5,6097.3,0.3493
634.0,6101.95,0.3542
634.5,6106.6,0.3402
635.0,6111.24,0.3494
635.5,6100.22,0.3578
636.0,6077.9,0.3285
636.5,6055.58,0.3518
637.0,6033.25,0.3515
637.5,6010.93,0.3261
638.0,5988.61,0.3321
638.5,5966.28,0.3261
639.0,5943.96,0.3138
639.5,5901.85,0.3181
640.0,5721.84,0.3062
640.5,5541.83,0.345
641.0,5361.82,0.3541
641.5,5181.81,0.342
642.0,5001.79,0.3521
642.5,4821.78,0.348
643.0,4641.77,0.3316
643.5,4461.76,0.3389
644.0,4385.99,0.3248
644.5,4361.56,0.3051
645.0,4337.13,0.3013
645.5,4312.69,0.2943
646.0,4288.26,0.3072
646.5,4263.83,0.3065
647.0,4239.4,0.3012
647.5,4214.97,0.2963
648.0,4214.1,0.2985
648.5,4299.53,0.2985
649.0,4384.95,0.3219
649.5,4470.37,0.3421
650.0,4555.79,0.3361
650.5,4641.22,0.3367
651.0,4726.64,0.3336
651.5,4812.06,0.3408
652.0,4897.49,0.3622
652.5,4914.63,0.3572
653.0,4910.11,0.3847
653.5,4905.58,0.3555
654.0,4901.05,0.3647
654.5,4896.53,0.3525
655.0,4892.0,0.3385
655.5,4887.47,0.3457
656.0,4882.95,0.3366
656.5,4849.73,0.3332
657.0,4750.7,0.3445
657.5,4651.66,0.3703
658.0,4552.62,0.3761
658.5,4453.59,0.3552
659.0,4354.55,0.3808
659.5,4255.52,0.3704
660.0,4156.48,0.3686
660.5,4057.44,0.3552
661.0,4023.95,0.3442
661.5,4002.19,0.342
662.0,3980.43,0.3403
662.5,3958.68,0.3335
663.0,3936.92,0.3491
663.5,3915.17,0.3368
664.0,3893.41,0.3343
664.5,3871.65,0.3476
665.0,3861.8,0.3376
665.5,3870.36,0.3421
666.0,3878.92,0.3469
666.5,3887.48,0.3278
667.0,3896.04,0.3473
667.5,3904.59,0.3247
668.0,3913.15,0.312
668.5,3921.71,0.3112
669.0,3930.27,0.3189
669.5,3926.42,0.3203
670.0,3921.74,0.3162
670.5,3917.06,0.314
671.0,3912.38,0.3105
671.5,3907.7,0.3212
672.0,3903.02,0.3066
672.5,3898.34,0.2847
673.0,3893.66,0.3233
673.5,3886.85,0.3209
674.0,3877.73,0.308
674.5,3868.62,0.3133
675.0,3859.51,0.3159
675.5,3850.39,0.3173
676.0,3841.28,0.3241
676.5,3832.22,0.3155
677.0,3823.48,0.3094
677.5,3814.75,0.336
678.0,3851.57,0.2975
678.5,3891.58,0.2923
679.0,3931.58,0.3133
679.5,3971.58,0.2993
680.0,4011.58,0.3018
680.5,4051.58,0.2952
681.0,4091.58,0.3074
681.5,4131.58,0.2977
682.0,4167.39,0.3037
682.5,4170.71,0.3245
683.0,4174.02,0.3228
683.5,4177.34,0.3142
684.0,4180.66,0.3189
684.5,4183.98,0.3133
685.0,4187.3,0.3123
685.5,4190.62,0.3004
686.0,4193.94,0.3044
686.5,4198.95,0.315
687.0,4208.03,0.3101
687.5,4217.11,0.3125
688.0,4226.2,0.3189
688.5,4235.28,0.3155
689.0,4244.36,0.312
689.5,4253.44,0.3119
690.0,4262.52,0.3051
690.5,4271.61,0.3104
691.0,4279.24,0.3055
691.5,4285.26,0.3103
692.0,4291.28,0.3025
692.5,4297.3,0.3196
693.0,4303.32,0.3156
693.5,4309.34,0.3084
694.0,4315.36,0.3056
694.5,4321.38,0.3079
695.0,4327.4,0.3073
695.5,4344.31,0.3098
696.0,4367.02,0.3048
696.5,4389.73,0.3082
697.0,4412.45,0.3098
697.5,4435.16,0.3055
698.0,4457.87,0.3172
698.5,4480.58,0.3016
699.0,4503.29,0.3076
699.5,4526.0,0.3228
700.0,4531.38,0.3197
700.5,4533.25,0.2976
701.0,4535.13,0.3102
701.5,4537.0,0.3099
702.0,4538.87,0.3096
702.5,4540.75,0.3184
703.0,4542.62,0.3156
703.5,4544.49,0.3161
704.0,4546.58,0.3176
704.5,4567.23,0.3081
705.0,4587.88,0.2967
705.5,4608.53,0.3077
706.0,4629.18,0.3156
706.5,4649.83,0.3106
707.0,4670.48,0.3031
707.5,4691.13,0.3196
708.0,4711.78,0.3234
708.5,4727.01,0.3115
709.0,4719.26,0.3051
709.5,4711.52,0.3059
710.0,4703.78,0.3109
710.5,4696.04,0.2995
711.0,4688.3,0.3239
711.5,4680.56,0.3147
712.0,4672.81,0.3074
712.5,4665.07,0.3005
713.0,4642.43,0.3125
713.5,4594.44,0.3163
714.0,4546.45,0.3046
714.5,4498.45,0.3149
715.0,4450.46,0.3163
715.5,4402.33,0.3403
716.0,4354.19,0.3153
716.5,4306.05,0.3207
717.0,4257.91,0.3119
717.5,4220.02,0.3405
718.0,4190.07,0.3259
718.5,4160.12,0.3092
719.0,4130.17,0.3091
719.5,4100.22,0.3245
720.0,4070.26,0.3266
720.5,4040.31,0.3057
721.0,4010.36,0.3253
721.5,3980.41,0.3168
722.0,3991.59,0.3201
722.5,4015.06,0.314
723.0,4038.54,0.3063
723.5,4062.01,0.317
724.0,4085.49,0.3221
724.5,4108.96,0.3104
725.0,4132.44,0.3147
725.5,4155.91,0.3164
726.0,4179.39,0.3306
726.5,4206.06,0.322
727.0,4232.81,0.3195
727.5,4259.56,0.3176
728.0,4286.31,0.3343
728.5,4313.06,0.3133
729.0,4339.81,0.3198
729.5,4366.56,0.3183
730.0,4393.31,0.3098
730.5,4414.13,0.3236
731.0,4408.47,0.3246
731.5,4402.81,0.2998
732.0,4397.14,0.3037
732.5,4391.48,0.3134
733.0,4385.82,0.3143
733.5,4380.16,0.3121
734.0,4374.49,0.3152
734.5,4368.83,0.3279
735.0,4372.07,0.298
735.5,4389.27,0.3105
736.0,4406.47,0.3224
736.5,4423.67,0.3189
737.0,4440.88,0.3019
737.5,4458.08,0.3086
738.0,4475.28,0.3148
738.5,4492.48,0.3246
739.0,4509.68,0.3226
739.5,4523.6,0.3115
740.0,4535.31,0.3163
740.5,4547.01,0.3109
741.0,4558.72,0.3065
741.5,4570.42,0.2949
742.0,4582.12,0.2962
742.5,4593.83,0.3131
743.0,4605.53,0.3076
743.5,4617.24,0.3011
744.0,4623.53,0.3095
744.5,4628.49,0.3067
745.0,4633.45,0.3062
745.5,4638.41,0.297
746.0,4643.38,0.3185
746.5,4648.34,0.3157
747.0,4653.3,0.3113
747.5,4658.26,0.3021
748.0,4663.13,0.3199
748.5,4658.27,0.3005
749.0,4653.41,0.325
749.5,4648.55,0.3055
750.0,4643.69,0.3022
750.5,4638.83,0.3064
751.0,4633.97,0.3068
751.5,4629.11,0.2994
752.0,4624.25,0.2972
752.5,4625.82,0.3123
753.0,4650.79,0.3103
753.5,4675.76,0.2986
754.0,4700.73,0.2954
754.5,4725.7,0.313
755.0,4750.67,0.3289
755.5,4775.64,0.3071
756.0,4800.61,0.2966
756.5,4825.58,0.316
757.0,4841.07,0.3252
757.5,4843.58,0.3212
758.0,4846.08,0.295
758.5,4848.59,0.3043
759.0,4851.1,0.3211
759.5,4853.61,0.3004
760.0,4856.12,0.2988
760.5,4858.63,0.2952
761.0,4861.13,0.2999
761.5,4840.51,0.3115
762.0,4806.22,0.3068
762.5,4771.92,0.3046
763.0,4737.63,0.3239
763.5,4703.34,0.3344
764.0,4669.05,0.3095
764.5,4634.76,0.3072
765.0,4600.47,0.3
765.5,4566.18,0.315
766.0,4546.5,0.3088
766.5,4529.71,0.3
767.0,4512.92,0.3167
767.5,4496.12,0.3059
768.0,4479.33,0.3134
768.5,4462.53,0.3038
769.0,4445.74,0.3001
769.5,4428.94,0.3167
770.0,4412.61,0.3227
770.5,4406.84,0.3063
771.0,4401.08,0.2917
771.5,4395.31,0.314
772.0,4389.55,0.3051
772.5,4383.78,0.3146
773.0,4378.02,0.3007
773.5,4372.25,0.2984
774.0,4366.49,0.3043
774.5,4364.9,0.3114
775.0,4375.96,0.2961
775.5,4387.02,0.2909
776.0,4398.07,0.3107
776.5,4409.13,0.3011
777.0,4420.19,0.2938
777.5,4431.25,0.2974
778.0,4442.31,0.3076
778.5,4453.37,0.3129
779.0,4476.89,0.3017
779.5,4515.35,0.3136
780.0,4553.81,0.313
780.5,4592.27,0.3079
781.0,4630.73,0.3315
781.5,4669.19,0.2852
782.0,4707.65,0.304
782.5,4746.11,0.3181
783.0,4784.57,0.313
783.5,4797.43,0.3092
784.0,4797.18,0.2907
784.5,4796.93,0.3047
785.0,4796.68,0.3071
785.5,4796.43,0.2966
786.0,4796.18,0.2893
786.5,4795.94,0.2951
787.0,4795.69,0.3101
787.5,4795.44,0.3015
788.0,4788.09,0.2939
788.5,4779.67,0.3045
789.0,4771.24,0.3166
789.5,4762.82,0.2903
790.0,4754.4,0.2962
790.5,4745.97,0.29
791.0,4737.55,0.317
791.5,4729.13,0.3002
792.0,4722.82,0.288
792.5,4742.87,0.2893
793.0,4762.92,0.3083
793.5,4782.96,0.3102
794.0,4803.01,0.29
794.5,4823.05,0.3026
795.0,4843.1,0.3046
795.5,4863.14,0.3172
796.0,4883.19,0.2974
796.5,4900.37,0.295
797.0,4910.21,0.3142
797.5,4920.06,0.2994
798.0,4929.91,0.304
798.5,4939.76,0.3005
799.0,4949.6,0.2991
799.5,4959.45,0.3079
800.0,4969.3,0.295
800.5,4979.15,0.2908
801.0,4987.42,0.2861
801.5,4994.05,0.3107
802.0,5000.67,0.3093
802.5,5007.29,0.3011
803.0,5013.91,0.2948
803.5,5020.54,0.3141
804.0,5027.16,0.3119
804.5,5033.78,0.2811
805.0,5040.41,0.2916
805.5,5028.46,0.2908
806.0,5008.34,0.3107
806.5,4988.22,0.2901
807.0,4968.09,0.2888
807.5,4947.97,0.2819
808.0,4927.85,0.3079
808.5,4907.72,0.2915
809.0,4887.6,0.287
809.5,4867.48,0.294
810.0,4871.5,0.3049
810.5,4878.19,0.2944
811.0,4884.88,0.2957
811.5,4891.57,0.2931
812.0,4898.26,0.3029
812.5,4904.94,0.3187
813.0,4911.63,0.2987
813.5,4918.32,0.2914
814.0,4926.02,0.3183
814.5,4942.12,0.309
815.0,4958.21,0.3017
815.5,4974.31,0.3087
816.0,4990.41,0.3133
816.5,5006.51,0.3015
817.0,5022.61,0.3025
817.5,5038.7,0.2961
818.0,5054.8,0.327
818.5,5064.66,0.3265
819.0,5060.89,0.3469
819.5,5057.11,0.3043
820.0,5053.34,0.3174
820.5,5049.56,0.321
821.0,5045.78,0.3059
821.5,5042.01,0.2977
822.0,5038.23,0.2996
822.5,5034.46,0.3128
823.0,5025.06,0.3182
823.5,5010.49,0.3095
824.0,4995.91,0.2881
824.5,4981.34,0.3411
825.0,4966.77,0.3358
825.5,4952.19,0.3029
826.0,4937.62,0.2963
826.5,4923.05,0.3207
827.0,4908.47,0.313
827.5,4898.19,0.3215
828.0,4889.53,0.2928
828.5,4880.86,0.3141
829.0,4872.2,0.3341
829.5,4863.54,0.3204
830.0,4854.87,0.3142
830.5,4846.21,0.334
831.0,4837.54,0.3284
831.5,4828.88,0.3653
832.0,4816.04,0.3047
832.5,4802.9,0.3227
833.0,4789.76,0.3569
833.5,4776.62,0.3543
834.0,4763.48,0.3614
834.5,4750.35,0.3298
835.0,4737.21,0.2731
835.5,4724.07,0.2846
836.0,4707.49,0.3093
836.5,4669.79,0.3044
837.0,4632.09,0.3027
837.5,4594.39,0.3126
838.0,4556.68,0.3118
838.5,4518.98,0.3
839.0,4481.28,0.3172
839.5,4443.58,0.2983
840.0,4405.87,0.3179
840.5,4370.34,0.3008
841.0,4361.49,0.3127
841.5,4352.65,0.3088
842.0,4343.81,0.3147
842.5,4334.96,0.304
843.0,4326.12,0.308
843.5,4317.28,0.3
844.0,4308.44,0.301
844.5,4299.59,0.3167
845.0,4290.88,0.3058
845.5,4294.68,0.299
846.0,4298.48,0.2952
846.5,4302.28,0.3011
847.0,4306.08,0.3098
847.5,4309.89,0.2955
848.0,4313.69,0.3004
848.5,4317.49,0.3107
849.0,4321.29,0.3112
849.5,4325.09,0.3019
850.0,4337.89,0.3157
850.5,4351.21,0.3058
851.0,4364.53,0.3043
851.5,4377.85,0.3079
852.0,4391.17,0.2931
852.5,4404.49,0.3044
853.0,4417.81,0.3071
853.5,4431.14,0.3004
854.0,4444.46,0.2842
854.5,4455.77,0.2902
855.0,4466.8,0.2917
855.5,4477.84,0.2929
856.0,4488.88,0.2915
856.5,4499.92,0.2854
857.0,4510.95,0.293
857.5,4521.99,0.3015
858.0,4533.03,0.295
858.5,4544.06,0.294
859.0,4541.27,0.2995
859.5,4535.35,0.2983
860.0,4529.42,0.2911
860.5,4523.49,0.2861
861.0,4517.57,0.2926
861.5,4511.64,0.2896
862.0,4505.71,0.2916
862.5,4499.78,0.2916
863.0,4493.86,0.2958
863.5,4494.46,0.299
864.0,4497.23,0.2827
864.5,4500.0,0.2789
865.0,4502.78,0.2899
865.5,4505.55,0.2991
866.0,4508.32,0.2895
866.5,4511.1,0.2859
867.0,4513.87,0.292
867.5,4516.65,0.288
868.0,4527.7,0.3008
868.5,4542.57,0.2927
869.0,4557.43,0.2829
869.5,4572.3,0.2954
870.0,4587.16,0.2991
870.5,4602.03,0.2947
871.0,4616.89,0.2835
871.5,4631.76,0.2856
872.0,4646.63,0.2893
872.5,4659.68,0.2854
873.0,4671.62,0.2783
873.5,4683.56,0.2868
874.0,4695.51,0.2905
874.5,4707.45,0.2994
875.0,4719.39,0.2829
875.5,4731.33,0.2896
876.0,4743.28,0.2912
876.5,4755.22,0.2921
877.0,4780.38,0.2907
877.5,4816.14,0.2919
878.0,4851.89,0.2863
878.5,4887.65,0.2952
879.0,4923.4,0.2909
879.5,4959.16,0.2846
880.0,4994.92,0.2855
880.5,5030.67,0.3007
881.0,5066.43,0.293
881.5,5095.4,0.2866
882.0,5117.3,0.2878
882.5,5139.21,0.2995
883.0,5161.11,0.2936
883.5,5183.02,0.2846
884.0,5204.92,0.2935
884.5,5226.82,0.2947
885.0,5248.73,0.2996
885.5,5270.63,0.3004
886.0,5296.19,0.2936
886.5,5326.7,0.2896
887.0,5357.21,0.2979
887.5,5387.72,0.3015
888.0,5418.23,0.2955
888.5,5448.74,0.2855
889.0,5479.25,0.3008
889.5,5509.76,0.2945
890.0,5540.27,0.2837
890.5,5566.66,0.2984
891.0,5585.73,0.2891
891.5,5604.81,0.2879
892.0,5623.88,0.2858
892.5,5642.95,0.2836
893.0,5662.02,0.3055
893.5,5681.09,0.2928
894.0,5700.16,0.2881
894.5,5719.23,0.3011
895.0,5734.19,0.2874
895.5,5738.53,0.3015
896.0,5742.88,0.2833
896.5,5747.22,0.2934
897.0,5751.56,0.2926
897.5,5755.9,0.3109
898.0,5760.25,0.3074
898.5,5764.59,0.2886
899.0,5768.93,0.2986
899.5,5772.07,0.2974
900.0,5770.37,0.304
900.5,5768.66,0.2939
901.0,5766.95,0.2846
901.5,5765.24,0.2843
902.0,5763.54,0.3045
902.5,5761.83,0.2759
903.0,5760.12,0.3315
903.5,5758.42,0.2235
904.0,5755.42,0.2498
904.5,5742.83,0.3337
905.0,5730.23,0.2867
905.5,5717.63,0.2605
906.0,5705.04,0.2579
906.5,5692.44,0.2766
907.0,5679.84,0.2433
907.5,5667.25,0.2749
908.0,5654.65,0.2973
908.5,5641.76,0.2907
909.0,5621.39,0.2966
909.5,5601.03,0.299
910.0,5580.66,0.2901
910.5,5560.29,0.3009
911.0,5539.92,0.3163
911.5,5519.55,0.3036
912.0,5499.18,0.3173
912.5,5478.82,0.307
913.0,5458.45,0.3146
913.5,5413.35,0.3053
914.0,5367.13,0.3209
914.5,5320.91,0.2838
915.0,5274.69,0.3002
915.5,5228.48,0.2966
916.0,5182.26,0.2943
916.5,5136.04,0.2948
917.0,5089.82,0.3123
917.5,5043.6,0.2933
918.0,4986.04,0.2816
918.5,4926.87,0.2845
919.0,4867.7,0.3078
919.5,4808.53,0.2893
920.0,4749.36,0.2929
920.5,4690.19,0.2979
921.0,4631.01,0.3068
921.5,4571.84,0.3052
922.0,4512.67,0.2944
922.5,4473.73,0.3169
923.0,4439.99,0.288
923.5,4406.25,0.3227
924.0,4372.51,0.2898
924.5,4338.77,0.2772
925.0,4305.03,0.2692
925.5,4271.29,0.2942
926.0,4237.55,0.292
926.5,4203.81,0.306
927.0,4193.54,0.3143
927.5,4192.65,0.2926
928.0,4191.75,0.3005
928.5,4190.86,0.2993
929.0,4189.97,0.305
929.5,4189.08,0.2958
930.0,4188.19,0.3085
930.5,4187.3,0.2857
931.0,4186.41,0.3045
931.5,4186.87,0.2929
932.0,4188.11,0.3095
932.5,4189.36,0.2658
933.0,4190.6,0.2675
933.5,4191.85,0.2794
934.0,4193.09,0.2876
934.5,4194.33,0.2729
935.0,4195.58,0.2699
935.5,4196.82,0.2755
936.0,4199.31,0.2768
936.5,4202.79,0.2805
937.0,4206.28,0.283
937.5,4209.76,0.2918
938.0,4213.25,0.2842
938.5,4216.73,0.2896
939.0,4220.22,0.2802
939.5,4223.7,0.2814
940.0,4227.19,0.2856
940.5,4234.84,0.281
941.0,4247.13,0.2853
941.5,4259.42,0.2811
942.0,4271.71,0.2972
942.5,4284.0,0.3046
943.0,4296.29,0.3054
943.5,4308.59,0.2886
944.0,4320.88,0.2764
944.5,4333.17,0.2896
945.0,4353.51,0.2841
945.5,4386.33,0.2853
946.0,4419.15,0.2839
946.5,4451.97,0.2878
947.0,4484.8,0.2897
947.5,4517.62,0.2869
948.0,4550.44,0.2796
948.5,4583.26,0.2825
949.0,4616.08,0.2923
949.5,4644.26,0.2975
950.0,4662.17,0.2857
950.5,4680.07,0.2774
951.0,4697.97,0.2743
951.5,4715.87,0.2859
952.0,4733.77,0.2942
952.5,4751.67,0.2977
953.0,4769.57,0.294
953.5,4787.47,0.2888
954.0,4803.49,0.2973
954.5,4813.23,0.2861
955.0,4822.96,0.2767
955.5,4832.7,0.2611
956.0,4842.43,0.2594
956.5,4852.17,0.2708
957.0,4861.9,0.2731
957.5,4871.51,0.2742
958.0,4880.94,0.2385
958.5,4890.2,0.2462
959.0,4897.31,0.2561
959.5,4904.42,0.2696
960.0,4911.53,0.2638
960.5,4918.64,0.2657
961.0,4925.76,0.2892
961.5,4932.87,0.2907
962.0,4939.98,0.2901
962.5,4947.09,0.299
963.0,4954.21,0.2974
963.5,4957.89,0.3003
964.0,4960.16,0.3187
964.5,4962.43,0.309
965.0,4964.69,0.284
965.5,4966.96,0.3073
966.0,4969.22,0.3076
966.5,4971.49,0.309
967.0,4973.76,0.2731
967.5,4976.02,0.2695
968.0,4965.96,0.2817
968.5,4931.54,0.275
969.0,4897.12,0.2922
969.5,4862.71,0.2957
970.0,4828.29,0.3061
970.5,4793.87,0.2989
971.0,4759.46,0.2964
971.5,4725.04,0.2941
972.0,4690.62,0.2696
972.5,4656.21,0.2871
973.0,4642.15,0.293
973.5,4628.83,0.31
974.0,4615.5,0.2883
974.5,4602.18,0.295
975.0,4588.85,0.2956
975.5,4575.53,0.2883
976.0,4562.2,0.2893
976.5,4548.88,0.2716
977.0,4535.55,0.2651
977.5,4541.7,0.2729
978.0,4561.09,0.2649
978.5,4580.49,0.2552
979.0,4599.88,0.2613
979.5,4619.28,0.2706
980.0,4638.67,0.2645
980.5,4658.07,0.2774
981.0,4677.46,0.2673
981.5,4696.86,0.2623
982.0,4714.07,0.2608
982.5,4723.74,0.2431
983.0,4733.4,0.2744
983.5,4743.07,0.2935
984.0,4752.74,0.2751
984.5,4762.4,0.2661
985.0,4772.07,0.2859
985.5,4781.74,0.2519
986.0,4791.41,0.2761
986.5,4801.07,0.2759
987.0,4798.04,0.2735
987.5,4792.83,0.2811
988.0,4787.63,0.2763
988.5,4782.42,0.2732
989.0,4777.22,0.2708
989.5,4772.01,0.2704
990.0,4766.81,0.2713
990.5,4761.6,0.2913
991.0,4756.4,0.2906
991.5,4755.48,0.2992
992.0,4759.17,0.2918
992.5,4762.85,0.2879
993.0,4766.53,0.2847
993.5,4770.21,0.2799
994.0,4773.89,0.298
994.5,4777.57,0.2981
995.0,4781.25,0.3115
995.5,4784.94,0.2968
996.0,4788.62,0.2667
996.5,4792.29,0.2735
997.0,4795.97,0.2757
997.5,4799.65,0.2694
998.0,4803.32,0.2733
998.5,4807.0,0.2825
999.0,4810.68,0.2775
999.5,4814.35,0.2828
1000.0,4818.03,0.2822
1000.5,4821.7,0.2778
1001.0,4813.36,0.2898
1001.5,4800.83,0.2668
1002.0,4788.31,0.2684
1002.5,4775.78,0.272
1003.0,4763.26,0.2847
1003.5,4750.73,0.2938
1004.0,4738.21,0.2709
1004.5,4725.68,0.2592
1005.0,4713.15,0.2594
1005.5,4704.37,0.2704
1006.0,4701.91,0.2569
1006.5,4699.46,0.2756
1007.0,4697.0,0.2818
1007.5,4694.54,0.2737
1008.0,4692.09,0.2791
1008.5,4689.63,0.2589
1009.0,4687.18,0.2658
1009.5,4684.72,0.2636
1010.0,4682.31,0.2688
1010.5,4729.55,0.2649
1011.0,4776.79,0.2603
1011.5,4824.02,0.2584
1012.0,4871.26,0.2489
1012.5,4918.5,0.2524
1013.0,4965.74,0.2583
1013.5,5012.98,0.2567
1014.0,5060.22,0.2488
1014.5,5107.46,0.2567
1015.0,5156.88,0.2709
1015.5,5207.59,0.2635
1016.0,5258.29,0.2654
1016.5,5308.99,0.279
1017.0,5359.69,0.2648
1017.5,5410.4,0.2748
1018.0,5461.1,0.2596
1018.5,5511.8,0.2672
1019.0,5562.5,0.2595
1019.5,5599.79,0.2669
1020.0,5598.81,0.2669
1020.5,5597.84,0.2651
1021.0,5596.87,0.2607
1021.5,5595.9,0.2712
1022.0,5594.92,0.2585
1022.5,5593.95,0.2722
1023.0,5592.98,0.2675
1023.5,5592.01,0.267
1024.0,5591.03,0.2742
1024.5,5626.56,0.2708
1025.0,5666.63,0.28
1025.5,5706.7,0.2673
1026.0,5746.78,0.2879
1026.5,5786.85,0.277
1027.0,5826.92,0.2728
1027.5,5867.0,0.2844
1028.0,5907.07,0.2657
1028.5,5947.15,0.2669
1029.0,5983.87,0.2703
1029.5,6017.47,0.261
1030.0,6051.08,0.2685
1030.5,6084.69,0.2454
1031.0,6118.29,0.2676
1031.5,6151.9,0.2752
1032.0,6185.51,0.2754
1032.5,6219.11,0.272
1033.0,6252.72,0.2835
1033.5,6274.26,0.278
1034.0,6226.3,0.2642
1034.5,6178.34,0.2736
1035.0,6130.38,0.2746
1035.5,6082.42,0.2815
1036.0,6034.46,0.2745
1036.5,5986.5,0.285
1037.0,5938.92,0.2671
1037.5,5894.11,0.2764
1038.0,5849.31,0.2447
1038.5,5794.59,0.2405
1039.0,5733.61,0.2556
1039.5,5672.62,0.2532
1040.0,5611.64,0.2503
1040.5,5550.65,0.2493
1041.0,5489.66,0.2556
1041.5,5428.68,0.2561
1042.0,5367.69,0.2585
1042.5,5306.71,0.2525
1043.0,5245.72,0.2521
1043.5,5227.66,0.2369
1044.0,5240.42,0.2466
1044.5,5253.18,0.249
1045.0,5265.94,0.2542
1045.5,5278.7,0.2646
1046.0,5291.46,0.2698
1046.5,5304.22,0.2688
1047.0,5316.98,0.2651
1047.5,5329.74,0.2813
1048.0,5342.5,0.2644
1048.5,5363.97,0.2641
1049.0,5392.51,0.2683
1049.5,5421.06,0.2693
1050.0,5449.6,0.2619
1050.5,5478.14,0.2645
1051.0,5506.68,0.2618
1051.5,5535.22,0.2491
1052.0,5563.76,0.2491
1052.5,5592.31,0.2558
1053.0,5620.85,0.2555
1053.5,5607.12,0.2398
1054.0,5554.6,0.2444
1054.5,5502.07,0.2689
1055.0,5449.54,0.2559
1055.5,5397.02,0.2608
1056.0,5344.49,0.261
1056.5,5291.96,0.2577
1057.0,5239.44,0.2559
1057.5,5186.91,0.2586
1058.0,5134.38,0.252
1058.5,5091.9,0.2486
1059.0,5059.82,0.2493
1059.5,5027.74,0.2506
1060.0,4995.66,0.2618
1060.5,4963.58,0.2707
1061.0,4931.51,0.2602
1061.5,4899.43,0.2651
1062.0,4867.35,0.2562
1062.5,4835.27,0.2553
1063.0,4803.19,0.2609
1063.5,4807.37,0.2598
1064.0,4854.0,0.2425
1064.5,4900.63,0.2603
1065.0,4947.25,0.2515
1065.5,4993.88,0.26
1066.0,5040.51,0.2656
1066.5,5087.14,0.2753
1067.0,5133.76,0.2593
1067.5,5180.39,0.2485
1068.0,5227.02,0.2293
1068.5,5267.85,0.2482
1069.0,5301.02,0.2513
1069.5,5334.18,0.2521
1070.0,5367.35,0.2681
1070.5,5400.52,0.2534
1071.0,5433.68,0.2443
1071.5,5466.85,0.2581
1072.0,5500.01,0.2561
1072.5,5533.18,0.2626
1073.0,5566.35,0.266
1073.5,5583.72,0.2556
1074.0,5577.41,0.2575
1074.5,5571.09,0.259
1075.0,5564.78,0.2519
1075.5,5558.46,0.2568
1076.0,5552.15,0.2475
1076.5,5545.84,0.2628
1077.0,5539.52,0.258
1077.5,5533.21,0.2662
1078.0,5526.9,0.241
1078.5,5524.48,0.2459
1079.0,5523.18,0.2577
1079.5,5521.87,0.26
1080.0,5520.57,0.2506
1080.5,5519.27,0.2469
1081.0,5517.96,0.257
1081.5,5516.66,0.2605
1082.0,5515.36,0.2654
1082.5,5514.05,0.2634
1083.0,5527.68,0.2631
1083.5,5622.72,0.2701
1084.0,5717.77,0.258
1084.5,5812.81,0.2543
1085.0,5907.85,0.2476
1085.5,6002.89,0.2614
1086.0,6097.93,0.2655
1086.5,6192.98,0.2647
1087.0,6288.02,0.2482
1087.5,6383.06,0.2597
1088.0,6452.94,0.2643
1088.5,6500.74,0.261
1089.0,6548.54,0.2589
1089.5,6596.33,0.2594
1090.0,6644.13,0.2608
1090.5,6691.92,0.2581
1091.0,6739.72,0.2697
1091.5,6787.52,0.2735
1092.0,6835.31,0.2673
1092.5,6883.11,0.2675
1093.0,6807.39,0.2592
1093.5,6719.45,0.2471
1094.0,6631.51,0.2506
1094.5,6543.57,0.287
1095.0,6455.64,0.269
1095.5,6367.7,0.2483
1096.0,6279.76,0.2629
1096.5,6191.82,0.2484
1097.0,6103.88,0.2765
1097.5,6014.07,0.2632
1098.0,5919.59,0.2885
1098.5,5825.12,0.2744
1099.0,5730.64,0.2771
1099.5,5636.17,0.2758
1100.0,5541.69,0.2745
1100.5,5447.21,0.2885
1101.0,5352.74,0.281
1101.5,5258.26,0.2791
1102.0,5163.79,0.2668
1102.5,5135.0,0.2919
1103.0,5139.3,0.2791
1103.5,5143.6,0.2827
1104.0,5147.9,0.2823
1104.5,5152.2,0.2734
1105.0,5156.51,0.3081
1105.5,5160.81,0.2822
1106.0,5165.11,0.2687
1106.5,5169.41,0.3176
1107.0,5173.82,0.3111
1107.5,5180.64,0.2968
1108.0,5187.46,0.2913
1108.5,5194.29,0.2772
1109.0,5201.11,0.2807
1109.5,5207.93,0.3147
1110.0,5214.76,0.3055
1110.5,5221.58,0.2995
1111.0,5228.4,0.2801
1111.5,5235.22,0.2872
1112.0,5221.44,0.273
1112.5,5179.21,0.2666
1113.0,5136.98,0.3102
1113.5,5094.75,0.2752
1114.0,5052.52,0.3104
1114.5,5010.29,0.3034
1115.0,4968.05,0.293
1115.5,4925.82,0.2941
1116.0,4883.59,0.2957
1116.5,4835.59,0.3002
1117.0,4778.0,0.294
1117.5,4720.41,0.2945
1118.0,4662.82,0.2711
1118.5,4605.23,0.2765
1119.0,4547.64,0.2666
1119.5,4490.05,0.2848
1120.0,4432.45,0.2757
1120.5,4374.86,0.2857
1121.0,4330.52,0.284
1121.5,4312.97,0.2812
1122.0,4295.42,0.2783
1122.5,4277.88,0.287
1123.0,4260.33,0.2882
1123.5,4242.78,0.2915
1124.0,4225.23,0.2893
1124.5,4207.68,0.2893
1125.0,4190.14,0.293
1125.5,4173.88,0.2939
1126.0,4160.85,0.2933
1126.5,4147.81,0.2964
1127.0,4134.78,0.2875
1127.5,4121.75,0.3041
1128.0,4108.71,0.3013
1128.5,4095.68,0.2946
1129.0,4082.65,0.2951
1129.5,4069.61,0.303
1130.0,4055.77,0.3076
1130.5,4039.37,0.2967
1131.0,4022.97,0.3045
1131.5,4006.57,0.304
1132.0,3990.17,0.3003
1132.5,3973.77,0.3049
1133.0,3957.37,0.298
1133.5,3940.97,0.2998
1134.0,3924.57,0.2921
1134.5,3917.13,0.2953
1135.0,3946.19,0.2995
1135.5,3975.24,0.2887
1136.0,4004.3,0.2852
1136.5,4033.35,0.2919
1137.0,4062.41,0.2907
1137.5,4091.47,0.2883
1138.0,4120.52,0.2982
1138.5,4149.58,0.3009
1139.0,4175.65,0.3102
1139.5,4185.11,0.2984
1140.0,4194.57,0.2966
1140.5,4204.03,0.3065
1141.0,4213.49,0.3071
1141.5,4222.95,0.3051
1142.0,4232.41,0.2814
1142.5,4241.87,0.2551
1143.0,4251.33,0.2701
1143.5,4257.79,0.2745
1144.0,4239.4,0.3111
1144.5,4221.02,0.3048
1145.0,4202.64,0.277
1145.5,4184.26,0.2998
1146.0,4165.87,0.3074
1146.5,4147.49,0.3101
1147.0,4129.11,0.3081
1147.5,4110.73,0.3037
1148.0,4091.58,0.3038
1148.5,4061.11,0.3094
1149.0,4030.64,0.294
1149.5,4000.17,0.2688
1150.0,3969.7,0.2695
1150.5,3939.23,0.2734
1151.0,3908.76,0.2686
1151.5,3878.29,0.2665
1152.0,3847.82,0.2677
1152.5,3817.76,0.2845
1153.0,3809.21,0.2952
1153.5,3800.65,0.3013
1154.0,3792.09,0.2966
1154.5,3783.53,0.2873
1155.0,3774.97,0.2816
1155.5,3766.42,0.2888
1156.0,3757.86,0.2999
1156.5,3749.3,0.2948
1157.0,3740.74,0.2967
1157.5,3752.42,0.2909
1158.0,3764.63,0.2865
1158.5,3776.85,0.3086
1159.0,3789.06,0.2663
1159.5,3801.28,0.2844
1160.0,3813.49,0.3008
1160.5,3825.71,0.2876
1161.0,3837.93,0.2923
1161.5,3850.14,0.303
1162.0,3889.79,0.2859
1162.5,3931.53,0.3039
1163.0,3973.27,0.2772
1163.5,4015.0,0.2722
1164.0,4056.74,0.256
1164.5,4098.47,0.2744
1165.0,4140.21,0.2859
1165.5,4181.94,0.2784
1166.0,4223.68,0.2931
1166.5,4273.31,0.3036
1167.0,4323.97,0.2919
1167.5,4374.63,0.2847
1168.0,4425.29,0.3012
1168.5,4475.95,0.2897
1169.0,4526.61,0.2813
1169.5,4577.27,0.2658
1170.0,4627.92,0.2741
1170.5,4678.58,0.2807
1171.0,4688.62,0.282
1171.5,4690.93,0.2906
1172.0,4693.24,0.2889
1172.5,4695.56,0.2992
1173.0,4697.87,0.2919
1173.5,4700.18,0.299
1174.0,4702.5,0.2772
1174.5,4704.81,0.2718
1175.0,4707.12,0.2741
1175.5,4694.35,0.2616
1176.0,4677.72,0.2659
1176.5,4661.08,0.2657
1177.0,4644.44,0.2671
1177.5,4627.8,0.2708
1178.0,4611.16,0.2712
1178.5,4594.53,0.2636
1179.0,4577.89,0.2698
1179.5,4561.25,0.2861
1180.0,4574.06,0.3121
1180.5,4596.62,0.2866
1181.0,4619.18,0.2946
1181.5,4641.74,0.2929
1182.0,4664.3,0.2885
1182.5,4686.86,0.2898
1183.0,4709.42,0.2697
1183.5,4731.99,0.2749
1184.0,4754.55,0.2842
1184.5,4790.12,0.2788
1185.0,4831.11,0.2688
1185.5,4872.09,0.292
1186.0,4913.07,0.2816
1186.5,4954.05,0.2682
1187.0,4995.04,0.2721
1187.5,5036.02,0.2675
1188.0,5077.0,0.2852
1188.5,5117.98,0.2723
1189.0,5160.57,0.2799
1189.5,5203.96,0.2814
1190.0,5247.36,0.2845
1190.5,5290.76,0.2743
1191.0,5334.16,0.2857
1191.5,5377.56,0.2828
1192.0,5420.95,0.2871
1192.5,5464.35,0.2842
1193.0,5507.75,0.284
1193.5,5557.28,0.3008
1194.0,5610.61,0.2941
1194.5,5663.94,0.2877
1195.0,5717.27,0.2797
1195.5,5770.6,0.2867
1196.0,5823.93,0.2946
1196.5,5877.26,0.2723
1197.0,5930.59,0.2927
1197.5,5983.92,0.2941
1198.0,6023.42,0.2809
1198.5,6052.62,0.282
1199.0,6081.82,0.3058
1199.5,6111.01,0.2979
1200.0,6140.21,0.3017
1200.5,6169.41,0.2585
1201.0,6198.6,0.2526
1201.5,6227.8,0.2635
1202.0,6257.0,0.2826
1202.5,6258.94,0.2858
1203.0,6236.53,0.3034
1203.5,6214.12,0.3069
1204.0,6191.71,0.3141
1204.5,6169.31,0.3035
1205.0,6146.9,0.2958
1205.5,6124.49,0.2888
1206.0,6102.08,0.268
1206.5,6079.67,0.2739
1207.0,6084.55,0.2958
1207.5,6118.57,0.2845
1208.0,6152.59,0.289
1208.5,6186.6,0.2879
1209.0,6220.62,0.2898
1209.5,6254.64,0.2956
1210.0,6288.65,0.2781
1210.5,6322.67,0.2866
1211.0,6356.68,0.2931
1211.5,6452.56,0.2732
1212.0,6627.48,0.2827
1212.5,6802.4,0.282
1213.0,6977.32,0.2878
1213.5,7152.25,0.2909
1214.0,7327.17,0.2828
1214.5,7502.09,0.2963
1215.0,7677.01,0.3026
1215.5,7851.93,0.2954
1216.0,7969.44,0.3096
1216.5,7998.79,0.3144
1217.0,8028.14,0.3162
1217.5,8057.49,0.2958
1218.0,8086.84,0.3055
1218.5,8116.19,0.3159
1219.0,8145.54,0.2935
1219.5,8174.89,0.3005
1220.0,8204.24,0.3002
1220.5,8219.57,0.3044
1221.0,8208.83,0.3354
1221.5,8198.1,0.3232
1222.0,8187.36,0.3177
1222.5,8176.63,0.3095
1223.0,8165.89,0.3008
1223.5,8155.16,0.2997
1224.0,8144.42,0.2922
1224.5,8133.69,0.2887
1225.0,8116.24,0.3061
1225.5,8083.51,0.3132
1226.0,8050.77,0.3166
1226.5,8018.04,0.3151
1227.0,7985.3,0.3147
1227.5,7952.57,0.323
1228.0,7919.83,0.3264
1228.5,7887.1,0.3195
1229.0,7854.36,0.3195
1229.5,7835.46,0.3294
1230.0,7855.81,0.3314
1230.5,7876.16,0.3203
1231.0,7896.51,0.3116
1231.5,7916.86,0.3066
1232.0,7937.21,0.3112
1232.5,7957.56,0.3095
1233.0,7977.91,0.3071
1233.5,7998.26,0.3117
1234.0,7992.02,0.3132
1234.5,7889.3,0.3068
1235.0,7786.58,0.315
1235.5,7683.85,0.3009
1236.0,7581.13,0.3008
1236.5,7478.41,0.3039
1237.0,7375.69,0.3115
1237.5,7272.96,0.3109
1238.0,7170.24,0.3052
1238.5,7071.87,0.3539
1239.0,6994.5,0.3463
1239.5,6917.13,0.3208
1240.0,6839.77,0.3125
1240.5,6762.4,0.3102
1241.0,6685.03,0.3151
1241.5,6607.66,0.315
1242.0,6530.3,0.3116
1242.5,6452.93,0.3136
1243.0,6383.48,0.3193
1243.5,6368.5,0.3153
1244.0,6353.51,0.3079
1244.5,6338.53,0.3212
1245.0,6323.55,0.3133
1245.5,6308.57,0.3119
1246.0,6293.58,0.3177
1246.5,6278.6,0.318
1247.0,6263.62,0.3263
1247.5,6247.08,0.309
1248.0,6213.17,0.3183
1248.5,6179.26,0.3154
1249.0,6145.35,0.3097
1249.5,6111.44,0.3152
1250.0,6075.39,0.3236
1250.5,6037.66,0.3198
1251.0,5999.93,0.32
1251.5,5962.2,0.3216
1252.0,5863.05,0.3215
1252.5,5701.42,0.3448
1253.0,5539.8,0.3671
1253.5,5378.17,0.3633
1254.0,5216.55,0.3715
1254.5,5054.93,0.3596
1255.0,4893.3,0.3458
1255.5,4731.68,0.3368
1256.0,4577.39,0.3557
1256.5,4435.75,0.3652
1257.0,4294.11,0.3646
1257.5,4152.47,0.3665
1258.0,4010.83,0.328
1258.5,3869.19,0.3264
1259.0,3727.55,0.3451
1259.5,3585.91,0.34
1260.0,3458.53,0.328
1260.5,3376.63,0.332
1261.0,3294.73,0.3375
1261.5,3212.82,0.3454
1262.0,3130.92,0.3596
1262.5,3049.01,0.3491
1263.0,2967.11,0.3445
1263.5,2885.21,0.3449
1264.0,2810.58,0.355
1264.5,2794.64,0.359
1265.0,2778.7,0.3432
1265.5,2762.76,0.3463
1266.0,2746.82,0.3416
1266.5,2730.88,0.34
1267.0,2714.94,0.3457
1267.5,2699.0,0.3424
1268.0,2683.06,0.3474
1268.5,2719.0,0.3511
1269.0,2755.91,0.3469
1269.5,2792.81,0.3683
1270.0,2829.72,0.3355
1270.5,2866.62,0.3448
1271.0,2903.53,0.36
1271.5,2940.43,0.3502
1272.0,2977.33,0.3525
1272.5,3002.54,0.3462
1273.0,3025.73,0.3566
1273.5,3048.92,0.3475
1274.0,3072.12,0.3443
1274.5,3095.31,0.346
1275.0,3118.5,0.3426
1275.5,3141.7,0.3444
1276.0,3164.89,0.348
1276.5,3163.08,0.3485
1277.0,3151.78,0.3242
1277.5,3140.48,0.3158
1278.0,3129.19,0.3218
1278.5,3117.89,0.3428
1279.0,3106.59,0.3589
1279.5,3095.29,0.3469
1280.0,3083.99,0.3469
1280.5,3086.11,0.3571
1281.0,3097.31,0.3574
1281.5,3108.52,0.3728
1282.0,3119.73,0.3549
1282.5,3130.93,0.3474
1283.0,3142.14,0.3448
1283.5,3153.34,0.3292
1284.0,3164.55,0.3449
1284.5,3205.84,0.3183
1285.0,3281.36,0.3065
1285.5,3356.87,0.3221
1286.0,3432.39,0.3039
1286.5,3507.91,0.2858
1287.0,3583.42,0.3061
1287.5,3658.94,0.2912
1288.0,3734.46,0.305
1288.5,3810.56,0.2862
1289.0,3887.8,0.2755
1289.5,3965.05,0.2904
1290.0,4042.29,0.3076
1290.5,4119.54,0.3006
1291.0,4196.78,0.2981
1291.5,4274.03,0.297
1292.0,4351.27,0.3135
1292.5,4420.27,0.3411
1293.0,4458.4,0.3334
1293.5,4496.53,0.3327
1294.0,4534.66,0.348
1294.5,4572.79,0.3279
1295.0,4610.93,0.2764
1295.5,4649.06,0.3254
1296.0,4687.19,0.3223
1296.5,4726.18,0.3425
1297.0,4774.73,0.3386
1297.5,4823.29,0.3314
1298.0,4871.84,0.3511
1298.5,4920.4,0.3496
1299.0,4968.96,0.3543
1299.5,5017.51,0.3543
1300.0,5066.07,0.3427
1300.5,5114.62,0.354
1301.0,5133.1,0.3827
1301.5,5150.12,0.3571
1302.0,5167.14,0.3648
1302.5,5184.17,0.374
1303.0,5201.19,0.3578
1303.5,5218.21,0.3609
1304.0,5235.23,0.3799
1304.5,5252.26,0.3689
1305.0,5178.97,0.3595
1305.5,5086.57,0.3743
1306.0,4994.17,0.3786
1306.5,4901.77,0.376
1307.0,4809.37,0.3914
1307.5,4716.97,0.3698
1308.0,4624.58,0.368
1308.5,4532.18,0.3549
1309.0,4424.84,0.341
1309.5,4311.0,0.3659
1310.0,4197.16,0.3489
1310.5,4083.32,0.3491
1311.0,3969.48,0.3479
1311.5,3855.64,0.3542
1312.0,3741.8,0.3558
1312.5,3627.96,0.3477
1313.0,3557.46,0.3426
1313.5,3519.87,0.3446
1314.0,3482.27,0.3434
1314.5,3444.68,0.3386
1315.0,3407.09,0.3427
1315.5,3369.49,0.3329
1316.0,3331.9,0.3442
1316.5,3294.31,0.3173
1317.0,3277.32,0.3341
1317.5,3286.55,0.3345
1318.0,3295.79,0.3225
1318.5,3305.02,0.2994
1319.0,3314.26,0.3052
1319.5,3323.5,0.311
1320.0,3332.73,0.3113
1320.5,3341.97,0.3111
1321.0,3360.18,0.3172
1321.5,3398.23,0.3067
1322.0,3436.29,0.3066
1322.5,3474.34,0.3177
1323.0,3512.4,0.3124
1323.5,3550.45,0.3
1324.0,3588.51,0.3003
1324.5,3626.56,0.2982
1325.0,3670.66,0.3092
1325.5,3741.73,0.3338
1326.0,3812.79,0.3155
1326.5,3883.86,0.2942
1327.0,3954.93,0.2827
1327.5,4026.0,0.3075
1328.0,4097.06,0.3157
1328.5,4168.13,0.3225
1329.0,4239.54,0.3406
1329.5,4316.77,0.3365
1330.0,4394.01,0.3359
1330.5,4471.24,0.3327
1331.0,4548.48,0.3376
1331.5,4625.72,0.3406
1332.0,4702.95,0.3369
1332.5,4780.19,0.3478
1333.0,4857.43,0.344
1333.5,4888.28,0.3458
1334.0,4915.42,0.3392
1334.5,4942.56,0.3494
1335.0,4969.7,0.3479
1335.5,4996.84,0.3419
1336.0,5023.98,0.34
1336.5,5051.12,0.3345
1337.0,5078.26,0.3393
1337.5,5078.89,0.343
1338.0,5072.79,0.3486
1338.5,5066.69,0.3366
1339.0,5060.59,0.3386
1339.5,5054.49,0.3227
1340.0,5048.39,0.3493
1340.5,5042.29,0.3366
1341.0,5036.19,0.3377
1341.5,5029.22,0.3398
1342.0,5021.81,0.3413
1342.5,5014.4,0.3388
1343.0,5006.99,0.3314
1343.5,4999.58,0.3299
1344.0,4992.17,0.3491
1344.5,4984.77,0.3549
1345.0,4977.36,0.3519
1345.5,4967.49,0.3493
1346.0,4955.54,0.3402
1346.5,4943.58,0.3502
1347.0,4931.63,0.3456
1347.5,4919.67,0.3524
1348.0,4907.72,0.3536
1348.5,4895.76,0.3513
1349.0,4883.81,0.3604
1349.5,4870.54,0.3575
1350.0,4855.41,0.3644
1350.5,4840.27,0.3543
1351.0,4825.14,0.3622
1351.5,4810.0,0.3556
1352.0,4794.87,0.357
1352.5,4779.73,0.3645
1353.0,4764.6,0.3549
1353.5,4752.29,0.3563
1354.0,4747.16,0.3553
1354.5,4742.03,0.3562
1355.0,4736.89,0.3615
1355.5,4731.76,0.3564
1356.0,4726.62,0.3558
1356.5,4721.49,0.3572
1357.0,4716.35,0.3567
1357.5,4711.88,0.3465
1358.0,4711.01,0.3438
1358.5,4710.15,0.3508
1359.0,4709.28,0.348
1359.5,4708.42,0.3434
1360.0,4707.56,0.3442
1360.5,4706.69,0.3448
1361.0,4705.83,0.334
1361.5,4704.84,0.3415
1362.0,4699.27,0.3425
1362.5,4693.71,0.3559
1363.0,4688.14,0.3482
1363.5,4682.58,0.3351
1364.0,4677.01,0.3345
1364.5,4671.44,0.348
1365.0,4665.88,0.3534
1365.5,4660.31,0.3408
1366.0,4654.65,0.3391
1366.5,4648.99,0.3559
1367.0,4643.32,0.3537
1367.5,4637.65,0.2579
1368.0,4631.98,0.2971
1368.5,4626.31,0.3497
1369.0,4620.64,0.3152
1369.5,4614.97,0.3362
1370.0,4612.9,0.3387
1370.5,4611.9,0.357
1371.0,4610.91,0.3563
1371.5,4609.91,0.3543
1372.0,4608.91,0.3517
1372.5,4607.92,0.3523
1373.0,4606.92,0.3613
1373.5,4605.93,0.3541
1374.0,4604.64,0.3603
1374.5,4603.19,0.3591
1375.0,4601.74,0.3594
1375.5,4600.3,0.3349
1376.0,4598.85,0.344
1376.5,4597.4,0.4623
1377.0,4595.95,0.3598
1377.5,4594.5,0.3596
1378.0,4593.8,0.3621
1378.5,4593.8,0.3593
1379.0,4593.8,0.3517
1379.5,4593.8,0.361
